16 58 40 12 10
5722 19 0 900 1440 2340 2880 3780 4320 5220 7200 8100 10080 10980 12960 13860 14400 15300 15840 16740 20160
7867 21 0 900 1440 2340 2880 3780 4320 5220 5760 6660 7200 8100 10080 10980 12960 13860 14400 15300 17280 18180 20160
3124 23 0 900 2880 3780 4320 5220 5760 6660 7200 8100 10080 10980 11520 12420 12960 13860 14400 15300 15840 16740 17280 18180 20160
6818 21 0 900 1440 2340 2880 3780 4320 5220 5760 6660 10080 10980 11520 12420 12960 13860 15840 16740 17280 18180 20160
9949 17 0 900 1440 2340 2880 3780 7200 8100 10080 10980 11520 12420 12960 13860 15840 16740 20160
4744 21 0 900 1440 2340 2880 3780 4320 5220 10080 10980 11520 12420 12960 13860 14400 15300 15840 16740 17280 18180 20160
4640 13 1440 2340 2880 3780 7200 8100 12960 13860 14400 15300 15840 16740 20160
2156 11 0 900 1440 2340 4320 5220 7200 8100 12960 13860 20160
4735 23 0 900 1440 2340 2880 3780 4320 5220 5760 6660 10080 10980 11520 12420 12960 13860 14400 15300 15840 16740 17280 18180 20160
5103 15 0 900 1440 2340 5760 6660 7200 8100 10080 10980 12960 13860 15840 16740 20160
7833 15 1440 2340 4320 5220 7200 8100 10080 10980 11520 12420 15840 16740 17280 18180 20160
3703 17 0 900 2880 3780 4320 5220 10080 10980 12960 13860 14400 15300 15840 16740 17280 18180 20160
8116 19 0 900 2880 3780 4320 5220 5760 6660 7200 8100 12960 13860 14400 15300 15840 16740 17280 18180 20160
9892 15 0 900 4320 5220 7200 8100 10080 10980 12960 13860 15840 16740 17280 18180 20160
7672 17 1440 2340 4320 5220 7200 8100 10080 10980 11520 12420 12960 13860 14400 15300 15840 16740 20160
7219 15 1440 2340 2880 3780 5760 6660 7200 8100 10080 10980 11520 12420 15840 16740 20160
rackdeVideo 3
rackdeEndoscopia 1
microscópiOftalmo 1
microscopioNeuro 1
plataformaArgonio 1
mesasTracaoOrtopédica 2
mesasArticuladas 2
perneiraPosicaoGine 1
arcoCirurgico 2
ultrassom 1
334831 5 4735 2 0 4 0 0 184 60 15 0 0000000000 1 1 202 60 15 30 1000000000 2 3 65 60 25 30 0000000000 3 0 2264 60 15 30 0000000000
811553 4 4744 1 0 4 0 0 184 60 15 0 0000000000 1 1 223 60 15 30 0000000010 2 3 37 60 25 30 0000000000 3 0 2652 60 15 30 0000000000
437586 0 4735 3 0 4 0 0 183 60 15 0 0000000000 1 1 230 60 15 30 0000010000 2 3 50 60 25 30 0000000000 3 0 2531 60 15 30 0000000000
663819 11 6818 3 1440 5 0 0 177 60 15 0 0000000000 1 1 279 60 15 30 0100000010 2 2 93 30 20 30 0000000000 3 3 58 60 25 30 0000000000 4 0 3396 60 15 30 0000000000
280193 0 7867 2 0 4 0 0 179 60 15 0 0000000000 1 1 232 60 15 30 0000010000 2 3 47 60 25 30 0000000000 3 0 2512 60 15 30 0000000000
548656 5 9892 1 0 4 0 0 173 60 15 0 0000000000 1 1 194 60 15 30 1000000000 2 3 56 60 25 30 0000000000 3 0 2320 60 15 30 0000000000
756524 0 9892 1 0 4 0 0 167 60 15 0 0000000000 1 1 224 60 15 30 0000010000 2 3 46 60 25 30 0000000000 3 0 2520 60 15 30 0000000000
939815 9 7219 2 1440 5 0 0 173 60 15 0 0000000000 1 1 281 60 15 30 0000001000 2 2 102 30 20 30 0000000000 3 3 52 60 25 30 0000000000 4 0 3270 60 15 30 0000000000
565615 3 7867 2 0 5 0 0 179 60 15 0 0000000000 1 1 142 60 15 30 1100000000 2 2 90 30 20 30 0000000000 3 3 52 60 25 30 0000000000 4 0 1832 60 15 30 0000000000
937325 7 9949 2 0 4 0 0 177 60 15 0 0000000000 1 1 215 60 15 30 0001000000 2 3 47 60 25 30 0000000000 3 0 2636 60 15 30 0000000000
264598 0 4735 1 0 4 0 0 179 60 15 0 0000000000 1 1 225 60 15 30 0000010000 2 3 42 60 25 30 0000000000 3 0 2478 60 15 30 0000000000
587438 10 7219 1 0 4 0 0 180 60 15 0 0000000000 1 1 199 60 15 30 0000001000 2 3 62 60 25 30 0000000000 3 0 2208 60 15 30 0000000000
651983 3 7219 3 0 5 0 0 175 60 15 0 0000000000 1 1 150 60 15 30 1100000000 2 2 94 30 20 30 0000000000 3 3 50 60 25 30 0000000000 4 0 1816 60 15 30 0000000000
893334 3 9949 3 0 5 0 0 179 60 15 0 0000000000 1 1 168 60 15 30 1100000000 2 2 89 30 20 30 0000000000 3 3 54 60 25 30 0000000000 4 0 1795 60 15 30 0000000000
173088 10 7867 3 1440 4 0 0 178 60 15 0 0000000000 1 1 176 60 15 30 0000001000 2 3 50 60 25 30 0000000000 3 0 2225 60 15 30 0000000000
278371 8 9892 3 0 4 0 0 183 60 15 0 0000000000 1 1 225 60 15 30 0000000011 2 3 45 60 25 30 0000000000 3 0 2670 60 15 30 0000000000
540971 7 5722 2 0 4 0 0 184 60 15 0 0000000000 1 1 212 60 15 30 0001000000 2 3 42 60 25 30 0000000000 3 0 2586 60 15 30 0000000000
354089 1 6818 3 0 4 0 0 180 60 15 0 0000000000 1 1 210 60 15 30 1000000000 2 3 54 60 25 30 0000000000 3 0 2089 60 15 30 0000000000
908345 1 3124 3 1440 4 0 0 183 60 15 0 0000000000 1 1 224 60 15 30 1000000000 2 3 44 60 25 30 0000000000 3 0 2134 60 15 30 0000000000
568805 3 4640 1 0 5 0 0 181 60 15 0 0000000000 1 1 150 60 15 30 1100000000 2 2 95 30 20 30 0000000000 3 3 51 60 25 30 0000000000 4 0 1828 60 15 30 0000000000
745386 3 4744 3 0 5 0 0 176 60 15 0 0000000000 1 1 175 60 15 30 1100000000 2 2 95 30 20 30 0000000000 3 3 39 60 25 30 0000000000 4 0 1879 60 15 30 0000000000
254001 3 7833 1 0 5 0 0 180 60 15 0 0000000000 1 1 132 60 15 30 1100000000 2 2 86 30 20 30 0000000000 3 3 55 60 25 30 0000000000 4 0 1812 60 15 30 0000000000
248252 0 4735 1 1440 4 0 0 178 60 15 0 0000000000 1 1 218 60 15 30 0000010000 2 3 43 60 25 30 0000000000 3 0 2509 60 15 30 0000000000
738152 0 9892 1 0 4 0 0 180 60 15 0 0000000000 1 1 223 60 15 30 0000010000 2 3 52 60 25 30 0000000000 3 0 2450 60 15 30 0000000000
727593 0 7833 2 0 4 0 0 180 60 15 0 0000000000 1 1 234 60 15 30 0000010000 2 3 47 60 25 30 0000000000 3 0 2451 60 15 30 0000000000
734238 2 4640 3 0 4 0 0 180 60 15 0 0000000000 1 1 124 60 15 30 1000000100 2 3 55 60 25 30 0000000000 3 0 1627 60 15 30 0000000000
103963 0 7867 3 0 4 0 0 182 60 15 0 0000000000 1 1 237 60 15 30 0000010000 2 3 48 60 25 30 0000000000 3 0 2448 60 15 30 0000000000
939183 3 4744 1 0 5 0 0 181 60 15 0 0000000000 1 1 149 60 15 30 1100000000 2 2 82 30 20 30 0000000000 3 3 48 60 25 30 0000000000 4 0 1838 60 15 30 0000000000
394289 0 4744 2 0 4 0 0 180 60 15 0 0000000000 1 1 242 60 15 30 0000010000 2 3 51 60 25 30 0000000000 3 0 2446 60 15 30 0000000000
614534 4 3703 3 0 4 0 0 176 60 15 0 0000000000 1 1 220 60 15 30 0000000010 2 3 46 60 25 30 0000000000 3 0 2718 60 15 30 0000000000
442649 2 4735 3 1440 4 0 0 182 60 15 0 0000000000 1 1 134 60 15 30 1000000100 2 3 56 60 25 30 0000000000 3 0 1616 60 15 30 0000000000
699579 1 5722 1 1440 4 0 0 181 60 15 0 0000000000 1 1 207 60 15 30 1000000000 2 3 51 60 25 30 0000000000 3 0 2134 60 15 30 0000000000
330415 2 4744 2 0 4 0 0 178 60 15 0 0000000000 1 1 115 60 15 30 1000000100 2 3 56 60 25 30 0000000000 3 0 1613 60 15 30 0000000000
125992 0 7672 2 0 4 0 0 174 60 15 0 0000000000 1 1 223 60 15 30 0000010000 2 3 45 60 25 30 0000000000 3 0 2499 60 15 30 0000000000
949476 6 7833 1 0 5 0 0 177 60 15 0 0000000000 1 1 162 60 15 30 0010100000 2 2 87 30 20 30 0000000000 3 3 47 60 25 30 0000000000 4 0 2116 60 15 30 0000000000
368381 4 7833 1 0 4 0 0 178 60 15 0 0000000000 1 1 218 60 15 30 0000000010 2 3 45 60 25 30 0000000000 3 0 2687 60 15 30 0000000000
182273 0 6818 2 0 4 0 0 175 60 15 0 0000000000 1 1 231 60 15 30 0000010000 2 3 51 60 25 30 0000000000 3 0 2557 60 15 30 0000000000
724972 1 7672 3 0 4 0 0 181 60 15 0 0000000000 1 1 230 60 15 30 1000000000 2 3 58 60 25 30 0000000000 3 0 2052 60 15 30 0000000000
747539 5 7867 3 0 4 0 0 183 60 15 0 0000000000 1 1 176 60 15 30 1000000000 2 3 45 60 25 30 0000000000 3 0 2323 60 15 30 0000000000
515215 7 3703 1 0 4 0 0 175 60 15 0 0000000000 1 1 197 60 15 30 0001000000 2 3 56 60 25 30 0000000000 3 0 2643 60 15 30 0000000000
816689 0 7672 3 0 4 0 0 187 60 15 0 0000000000 1 1 231 60 15 30 0000010000 2 3 43 60 25 30 0000000000 3 0 2512 60 15 30 0000000000
991291 2 8116 2 1440 4 0 0 174 60 15 0 0000000000 1 1 107 60 15 30 1000000100 2 3 60 60 25 30 0000000000 3 0 1629 60 15 30 0000000000
558144 3 9892 1 0 5 0 0 174 60 15 0 0000000000 1 1 162 60 15 30 1100000000 2 2 77 30 20 30 0000000000 3 3 46 60 25 30 0000000000 4 0 1848 60 15 30 0000000000
338168 0 9949 3 0 4 0 0 182 60 15 0 0000000000 1 1 218 60 15 30 0000010000 2 3 36 60 25 30 0000000000 3 0 2514 60 15 30 0000000000
125622 0 8116 1 0 4 0 0 182 60 15 0 0000000000 1 1 229 60 15 30 0000010000 2 3 34 60 25 30 0000000000 3 0 2531 60 15 30 0000000000
946692 2 9892 1 1440 4 0 0 182 60 15 0 0000000000 1 1 136 60 15 30 1000000100 2 3 51 60 25 30 0000000000 3 0 1605 60 15 30 0000000000
403330 1 4744 2 0 4 0 0 184 60 15 0 0000000000 1 1 215 60 15 30 1000000000 2 3 55 60 25 30 0000000000 3 0 2144 60 15 30 0000000000
956413 0 5103 2 0 4 0 0 185 60 15 0 0000000000 1 1 242 60 15 30 0000010000 2 3 52 60 25 30 0000000000 3 0 2471 60 15 30 0000000000
703430 6 4735 2 0 5 0 0 180 60 15 0 0000000000 1 1 158 60 15 30 0010100000 2 2 83 30 20 30 0000000000 3 3 42 60 25 30 0000000000 4 0 2023 60 15 30 0000000000
720020 0 2156 2 0 4 0 0 181 60 15 0 0000000000 1 1 206 60 15 30 0000010000 2 3 55 60 25 30 0000000000 3 0 2532 60 15 30 0000000000
482932 2 7219 2 0 4 0 0 175 60 15 0 0000000000 1 1 134 60 15 30 1000000100 2 3 50 60 25 30 0000000000 3 0 1592 60 15 30 0000000000
192305 0 4735 3 0 4 0 0 180 60 15 0 0000000000 1 1 236 60 15 30 0000010000 2 3 50 60 25 30 0000000000 3 0 2458 60 15 30 0000000000
123401 6 7867 3 0 5 0 0 182 60 15 0 0000000000 1 1 184 60 15 30 0010100000 2 2 94 30 20 30 0000000000 3 3 46 60 25 30 0000000000 4 0 2040 60 15 30 0000000000
594011 1 4735 1 0 4 0 0 187 60 15 0 0000000000 1 1 213 60 15 30 1000000000 2 3 43 60 25 30 0000000000 3 0 2077 60 15 30 0000000000
952708 4 3703 2 0 4 0 0 184 60 15 0 0000000000 1 1 214 60 15 30 0000000010 2 3 41 60 25 30 0000000000 3 0 2736 60 15 30 0000000000
768489 6 4744 3 1440 5 0 0 181 60 15 0 0000000000 1 1 178 60 15 30 0010100000 2 2 92 30 20 30 0000000000 3 3 44 60 25 30 0000000000 4 0 2093 60 15 30 0000000000
596308 6 7219 3 0 5 0 0 186 60 15 0 0000000000 1 1 182 60 15 30 0010100000 2 2 73 30 20 30 0000000000 3 3 47 60 25 30 0000000000 4 0 2041 60 15 30 0000000000
972816 7 9949 1 0 4 0 0 178 60 15 0 0000000000 1 1 219 60 15 30 0001000000 2 3 51 60 25 30 0000000000 3 0 2590 60 15 30 0000000000
14559 0 1440
12022 0 0
12527 0 0
18996 0 0
19043 0 1440
11751 0 1440
18695 0 1440
19832 0 0
14076 0 1440
13775 0 0
14657 0 1440
13264 0 1440
13340 0 1440
12858 0 0
15556 0 1440
15737 0 0
18416 0 0
17673 0 0
14455 0 0
19987 0 0
14148 0 0
15515 0 1440
11797 0 0
14764 0 1440
17030 0 0
16540 0 1440
17601 0 0
13425 0 0
19921 0 0
14626 0 0
14507 0 0
46048 1 111111110011 21 0 900 1440 2340 2880 3780 4320 5220 5760 6660 10080 10980 11520 12420 12960 13860 14400 15300 15840 16740 20160
20102 1 111101011111 23 0 900 1440 2340 2880 3780 4320 5220 5760 6660 7300 7900 10080 10980 11520 12420 12960 13860 14400 15300 15840 16740 20160
45468 1 110011111111 21 0 900 1440 2340 2880 3780 4320 5220 5760 6660 10080 10980 11520 12420 12960 13860 14400 15300 15840 16740 20160
64610 2 1 0
69453 2 1 0
89947 3 1 0
83652 3 1 0
75543 3 1 0
70930 3 1 0
