22 66 33 12 10
2264 17 0 900 1440 2340 5760 6660 7200 8100 10080 10980 11520 12420 12960 13860 15840 16740 20160
3788 25 0 900 1440 2340 2880 3780 4320 5220 5760 6660 7200 8100 10080 10980 11520 12420 12960 13860 14400 15300 15840 16740 17280 18180 20160
8207 21 0 900 1440 2340 2880 3780 4320 5220 5760 6660 7200 8100 10080 10980 11520 12420 14400 15300 15840 16740 20160
3982 15 0 900 2880 3780 7200 8100 10080 10980 11520 12420 14400 15300 15840 16740 20160
7014 17 1440 2340 2880 3780 4320 5220 7200 8100 11520 12420 12960 13860 15840 16740 17280 18180 20160
3971 19 0 900 1440 2340 4320 5220 7200 8100 10080 10980 11520 12420 12960 13860 14400 15300 17280 18180 20160
1909 17 4320 5220 5760 6660 7200 8100 10080 10980 12960 13860 14400 15300 15840 16740 17280 18180 20160
2310 19 1440 2340 2880 3780 4320 5220 5760 6660 10080 10980 11520 12420 12960 13860 14400 15300 15840 16740 20160
7498 23 0 900 1440 2340 2880 3780 4320 5220 5760 6660 7200 8100 10080 10980 11520 12420 14400 15300 15840 16740 17280 18180 20160
3737 17 0 900 7200 8100 10080 10980 11520 12420 12960 13860 14400 15300 15840 16740 17280 18180 20160
8174 13 0 900 2880 3780 4320 5220 10080 10980 14400 15300 15840 16740 20160
3116 13 0 900 1440 2340 2880 3780 4320 5220 10080 10980 14400 15300 20160
8422 17 1440 2340 2880 3780 5760 6660 10080 10980 11520 12420 14400 15300 15840 16740 17280 18180 20160
3514 17 2880 3780 4320 5220 5760 6660 7200 8100 11520 12420 12960 13860 15840 16740 17280 18180 20160
9813 19 0 900 1440 2340 2880 3780 4320 5220 7200 8100 10080 10980 12960 13860 14400 15300 15840 16740 20160
4679 21 1440 2340 2880 3780 4320 5220 5760 6660 7200 8100 11520 12420 12960 13860 14400 15300 15840 16740 17280 18180 20160
5685 17 0 900 1440 2340 5760 6660 7200 8100 11520 12420 12960 13860 15840 16740 17280 18180 20160
6113 13 4320 5220 10080 10980 11520 12420 14400 15300 15840 16740 17280 18180 20160
5073 13 4320 5220 5760 6660 10080 10980 11520 12420 12960 13860 14400 15300 20160
8937 15 4320 5220 7200 8100 11520 12420 12960 13860 14400 15300 15840 16740 17280 18180 20160
4607 17 2880 3780 4320 5220 5760 6660 7200 8100 10080 10980 14400 15300 15840 16740 17280 18180 20160
9456 21 0 900 1440 2340 2880 3780 4320 5220 5760 6660 7200 8100 10080 10980 11520 12420 14400 15300 15840 16740 20160
rackdeVideo 3
rackdeEndoscopia 1
microscópiOftalmo 1
microscopioNeuro 1
plataformaArgonio 1
mesasTracaoOrtopédica 2
mesasArticuladas 2
perneiraPosicaoGine 1
arcoCirurgico 2
ultrassom 1
683345 0 3971 3 1440 4 0 0 182 60 15 0 0000000000 1 1 222 60 15 30 0000010000 2 3 68 60 25 30 0000000000 3 0 2460 60 15 30 0000000000
471013 6 8422 1 0 5 0 0 181 60 15 0 0000000000 1 1 161 60 15 30 0010100000 2 2 97 30 20 30 0000000000 3 3 43 60 25 30 0000000000 4 0 2022 60 15 30 0000000000
816226 0 8937 2 1440 4 0 0 175 60 15 0 0000000000 1 1 230 60 15 30 0000010000 2 3 50 60 25 30 0000000000 3 0 2541 60 15 30 0000000000
161239 2 2264 3 0 4 0 0 183 60 15 0 0000000000 1 1 144 60 15 30 1000000100 2 3 56 60 25 30 0000000000 3 0 1615 60 15 30 0000000000
935073 6 9813 1 1440 5 0 0 176 60 15 0 0000000000 1 1 163 60 15 30 0010100000 2 2 74 30 20 30 0000000000 3 3 60 60 25 30 0000000000 4 0 2033 60 15 30 0000000000
436841 0 2310 2 1440 4 0 0 180 60 15 0 0000000000 1 1 214 60 15 30 0000010000 2 3 66 60 25 30 0000000000 3 0 2496 60 15 30 0000000000
170275 0 2310 1 0 4 0 0 178 60 15 0 0000000000 1 1 235 60 15 30 0000010000 2 3 53 60 25 30 0000000000 3 0 2523 60 15 30 0000000000
894023 2 5685 2 1440 4 0 0 179 60 15 0 0000000000 1 1 124 60 15 30 1000000100 2 3 55 60 25 30 0000000000 3 0 1608 60 15 30 0000000000
681683 6 9813 1 0 5 0 0 185 60 15 0 0000000000 1 1 158 60 15 30 0010100000 2 2 80 30 20 30 0000000000 3 3 50 60 25 30 0000000000 4 0 2030 60 15 30 0000000000
255246 0 2264 3 0 4 0 0 173 60 15 0 0000000000 1 1 232 60 15 30 0000010000 2 3 45 60 25 30 0000000000 3 0 2495 60 15 30 0000000000
265808 3 3982 3 0 5 0 0 178 60 15 0 0000000000 1 1 170 60 15 30 1100000000 2 2 95 30 20 30 0000000000 3 3 43 60 25 30 0000000000 4 0 1849 60 15 30 0000000000
458720 1 2310 2 1440 4 0 0 172 60 15 0 0000000000 1 1 229 60 15 30 1000000000 2 3 51 60 25 30 0000000000 3 0 2087 60 15 30 0000000000
184958 1 3737 1 0 4 0 0 180 60 15 0 0000000000 1 1 214 60 15 30 1000000000 2 3 52 60 25 30 0000000000 3 0 2127 60 15 30 0000000000
988408 1 5073 1 0 4 0 0 177 60 15 0 0000000000 1 1 250 60 15 30 1000000000 2 3 51 60 25 30 0000000000 3 0 2121 60 15 30 0000000000
122258 1 5685 1 0 4 0 0 182 60 15 0 0000000000 1 1 232 60 15 30 1000000000 2 3 49 60 25 30 0000000000 3 0 2067 60 15 30 0000000000
930512 5 9813 2 0 4 0 0 185 60 15 0 0000000000 1 1 200 60 15 30 1000000000 2 3 48 60 25 30 0000000000 3 0 2327 60 15 30 0000000000
433330 3 3737 1 1440 5 0 0 175 60 15 0 0000000000 1 1 153 60 15 30 1100000000 2 2 81 30 20 30 0000000000 3 3 63 60 25 30 0000000000 4 0 1852 60 15 30 0000000000
594012 0 8207 2 1440 4 0 0 179 60 15 0 0000000000 1 1 208 60 15 30 0000010000 2 3 46 60 25 30 0000000000 3 0 2541 60 15 30 0000000000
331616 4 3116 2 0 4 0 0 177 60 15 0 0000000000 1 1 226 60 15 30 0000000010 2 3 46 60 25 30 0000000000 3 0 2722 60 15 30 0000000000
771336 4 8422 2 0 4 0 0 185 60 15 0 0000000000 1 1 233 60 15 30 0000000010 2 3 53 60 25 30 0000000000 3 0 2710 60 15 30 0000000000
119921 0 7014 2 0 4 0 0 184 60 15 0 0000000000 1 1 226 60 15 30 0000010000 2 3 57 60 25 30 0000000000 3 0 2497 60 15 30 0000000000
188597 5 3116 2 0 4 0 0 182 60 15 0 0000000000 1 1 182 60 15 30 1000000000 2 3 40 60 25 30 0000000000 3 0 2363 60 15 30 0000000000
406661 4 5073 2 1440 4 0 0 181 60 15 0 0000000000 1 1 217 60 15 30 0000000010 2 3 44 60 25 30 0000000000 3 0 2698 60 15 30 0000000000
346140 3 3514 2 0 5 0 0 183 60 15 0 0000000000 1 1 174 60 15 30 1100000000 2 2 87 30 20 30 0000000000 3 3 52 60 25 30 0000000000 4 0 1808 60 15 30 0000000000
241011 2 3514 1 0 4 0 0 179 60 15 0 0000000000 1 1 127 60 15 30 1000000100 2 3 50 60 25 30 0000000000 3 0 1589 60 15 30 0000000000
583311 0 9456 1 0 4 0 0 174 60 15 0 0000000000 1 1 229 60 15 30 0000010000 2 3 49 60 25 30 0000000000 3 0 2476 60 15 30 0000000000
368383 0 3514 1 0 4 0 0 181 60 15 0 0000000000 1 1 229 60 15 30 0000010000 2 3 58 60 25 30 0000000000 3 0 2502 60 15 30 0000000000
494000 5 9456 2 0 4 0 0 173 60 15 0 0000000000 1 1 193 60 15 30 1000000000 2 3 60 60 25 30 0000000000 3 0 2321 60 15 30 0000000000
490751 5 7498 2 0 4 0 0 172 60 15 0 0000000000 1 1 190 60 15 30 1000000000 2 3 41 60 25 30 0000000000 3 0 2329 60 15 30 0000000000
640029 7 9813 2 0 4 0 0 177 60 15 0 0000000000 1 1 228 60 15 30 0001000000 2 3 48 60 25 30 0000000000 3 0 2618 60 15 30 0000000000
755527 3 8422 3 0 5 0 0 184 60 15 0 0000000000 1 1 159 60 15 30 1100000000 2 2 83 30 20 30 0000000000 3 3 44 60 25 30 0000000000 4 0 1848 60 15 30 0000000000
766225 6 7014 1 1440 5 0 0 180 60 15 0 0000000000 1 1 154 60 15 30 0010100000 2 2 85 30 20 30 0000000000 3 3 55 60 25 30 0000000000 4 0 2028 60 15 30 0000000000
634786 6 5073 1 0 5 0 0 181 60 15 0 0000000000 1 1 155 60 15 30 0010100000 2 2 91 30 20 30 0000000000 3 3 51 60 25 30 0000000000 4 0 2116 60 15 30 0000000000
854567 0 4679 3 0 4 0 0 182 60 15 0 0000000000 1 1 237 60 15 30 0000010000 2 3 58 60 25 30 0000000000 3 0 2481 60 15 30 0000000000
960338 3 4679 2 0 5 0 0 179 60 15 0 0000000000 1 1 138 60 15 30 1100000000 2 2 90 30 20 30 0000000000 3 3 50 60 25 30 0000000000 4 0 1842 60 15 30 0000000000
763634 2 3971 2 0 4 0 0 182 60 15 0 0000000000 1 1 147 60 15 30 1000000100 2 3 48 60 25 30 0000000000 3 0 1609 60 15 30 0000000000
901053 6 3971 1 0 5 0 0 184 60 15 0 0000000000 1 1 191 60 15 30 0010100000 2 2 88 30 20 30 0000000000 3 3 58 60 25 30 0000000000 4 0 2086 60 15 30 0000000000
305817 5 5073 2 0 4 0 0 177 60 15 0 0000000000 1 1 204 60 15 30 1000000000 2 3 53 60 25 30 0000000000 3 0 2349 60 15 30 0000000000
688465 0 8207 3 0 4 0 0 178 60 15 0 0000000000 1 1 221 60 15 30 0000010000 2 3 56 60 25 30 0000000000 3 0 2433 60 15 30 0000000000
118449 1 5073 1 1440 4 0 0 188 60 15 0 0000000000 1 1 208 60 15 30 1000000000 2 3 52 60 25 30 0000000000 3 0 2089 60 15 30 0000000000
933828 11 2310 2 1440 5 0 0 171 60 15 0 0000000000 1 1 289 60 15 30 0100000010 2 2 112 30 20 30 0000000000 3 3 42 60 25 30 0000000000 4 0 3432 60 15 30 0000000000
210132 3 8937 1 0 5 0 0 183 60 15 0 0000000000 1 1 137 60 15 30 1100000000 2 2 101 30 20 30 0000000000 3 3 51 60 25 30 0000000000 4 0 1801 60 15 30 0000000000
603476 4 3116 3 0 4 0 0 182 60 15 0 0000000000 1 1 245 60 15 30 0000000010 2 3 56 60 25 30 0000000000 3 0 2664 60 15 30 0000000000
833985 3 2264 3 0 5 0 0 180 60 15 0 0000000000 1 1 148 60 15 30 1100000000 2 2 93 30 20 30 0000000000 3 3 49 60 25 30 0000000000 4 0 1884 60 15 30 0000000000
635303 6 3971 1 0 5 0 0 180 60 15 0 0000000000 1 1 184 60 15 30 0010100000 2 2 83 30 20 30 0000000000 3 3 56 60 25 30 0000000000 4 0 2099 60 15 30 0000000000
129974 2 3514 3 1440 4 0 0 184 60 15 0 0000000000 1 1 125 60 15 30 1000000100 2 3 52 60 25 30 0000000000 3 0 1569 60 15 30 0000000000
619183 0 5073 3 1440 4 0 0 184 60 15 0 0000000000 1 1 242 60 15 30 0000010000 2 3 44 60 25 30 0000000000 3 0 2510 60 15 30 0000000000
714582 0 7014 2 0 4 0 0 178 60 15 0 0000000000 1 1 242 60 15 30 0000010000 2 3 53 60 25 30 0000000000 3 0 2521 60 15 30 0000000000
228451 6 3788 2 0 5 0 0 179 60 15 0 0000000000 1 1 193 60 15 30 0010100000 2 2 88 30 20 30 0000000000 3 3 54 60 25 30 0000000000 4 0 2075 60 15 30 0000000000
327608 3 2310 2 0 5 0 0 174 60 15 0 0000000000 1 1 149 60 15 30 1100000000 2 2 97 30 20 30 0000000000 3 3 46 60 25 30 0000000000 4 0 1812 60 15 30 0000000000
656026 11 1909 3 0 5 0 0 177 60 15 0 0000000000 1 1 275 60 15 30 0100000010 2 2 69 30 20 30 0000000000 3 3 45 60 25 30 0000000000 4 0 3350 60 15 30 0000000000
569290 3 4679 3 0 5 0 0 173 60 15 0 0000000000 1 1 139 60 15 30 1100000000 2 2 106 30 20 30 0000000000 3 3 44 60 25 30 0000000000 4 0 1841 60 15 30 0000000000
162283 4 5073 2 0 4 0 0 180 60 15 0 0000000000 1 1 220 60 15 30 0000000010 2 3 43 60 25 30 0000000000 3 0 2698 60 15 30 0000000000
261231 4 3737 1 0 4 0 0 180 60 15 0 0000000000 1 1 222 60 15 30 0000000010 2 3 48 60 25 30 0000000000 3 0 2709 60 15 30 0000000000
901412 1 8937 1 0 4 0 0 181 60 15 0 0000000000 1 1 236 60 15 30 1000000000 2 3 48 60 25 30 0000000000 3 0 2120 60 15 30 0000000000
793712 0 3514 1 0 4 0 0 179 60 15 0 0000000000 1 1 235 60 15 30 0000010000 2 3 46 60 25 30 0000000000 3 0 2540 60 15 30 0000000000
531529 5 4607 2 0 4 0 0 177 60 15 0 0000000000 1 1 199 60 15 30 1000000000 2 3 45 60 25 30 0000000000 3 0 2401 60 15 30 0000000000
428706 2 8207 1 0 4 0 0 179 60 15 0 0000000000 1 1 132 60 15 30 1000000100 2 3 52 60 25 30 0000000000 3 0 1576 60 15 30 0000000000
999083 2 6113 2 1440 4 0 0 174 60 15 0 0000000000 1 1 143 60 15 30 1000000100 2 3 47 60 25 30 0000000000 3 0 1605 60 15 30 0000000000
821831 0 3982 3 1440 4 0 0 177 60 15 0 0000000000 1 1 228 60 15 30 0000010000 2 3 51 60 25 30 0000000000 3 0 2517 60 15 30 0000000000
283779 5 5073 3 0 4 0 0 182 60 15 0 0000000000 1 1 194 60 15 30 1000000000 2 3 58 60 25 30 0000000000 3 0 2342 60 15 30 0000000000
956638 4 9813 2 0 4 0 0 174 60 15 0 0000000000 1 1 195 60 15 30 0000000010 2 3 48 60 25 30 0000000000 3 0 2732 60 15 30 0000000000
261333 1 5073 1 0 4 0 0 176 60 15 0 0000000000 1 1 234 60 15 30 1000000000 2 3 52 60 25 30 0000000000 3 0 2069 60 15 30 0000000000
252947 3 4607 3 0 5 0 0 178 60 15 0 0000000000 1 1 168 60 15 30 1100000000 2 2 85 30 20 30 0000000000 3 3 59 60 25 30 0000000000 4 0 1888 60 15 30 0000000000
581064 3 2310 3 0 5 0 0 175 60 15 0 0000000000 1 1 158 60 15 30 1100000000 2 2 83 30 20 30 0000000000 3 3 57 60 25 30 0000000000 4 0 1868 60 15 30 0000000000
330612 8 6113 3 0 4 0 0 175 60 15 0 0000000000 1 1 231 60 15 30 0000000011 2 3 52 60 25 30 0000000000 3 0 2633 60 15 30 0000000000
19982 0 1440
15677 0 1440
17044 0 0
14684 0 0
13667 0 0
11500 0 1440
14629 0 1440
19650 0 1440
10740 0 0
12384 0 0
10046 0 0
16771 0 1440
15641 0 0
17627 0 0
11063 0 0
10739 0 0
14652 0 0
18429 0 0
18678 0 0
15172 0 0
11875 0 0
17578 0 0
11251 0 0
32374 1 111111111111 23 0 900 1440 2340 2880 3780 4320 5220 5760 6660 10080 10980 11520 12420 12960 13860 14400 15300 15840 16740 17380 17980 20160
35784 1 111111011111 21 0 900 1440 2340 2880 3780 4320 5220 5760 6660 10080 10980 11520 12420 12960 13860 14400 15300 15840 16740 20160
36278 1 111111111111 23 0 900 1440 2340 2880 3780 4320 5220 5760 6660 10080 10980 11520 12420 12960 13860 14400 15300 15840 16740 17380 17980 20160
63754 2 1 0
54915 2 1 0
68191 2 1 0
81147 3 1 0
71247 3 1 0
80951 3 1 0
92648 3 1 0
