18 75 39 12 10
3834 21 0 900 1440 2340 2880 3780 4320 5220 5760 6660 10080 10980 11520 12420 12960 13860 14400 15300 17280 18180 20160
6522 23 1440 2340 2880 3780 4320 5220 5760 6660 7200 8100 10080 10980 11520 12420 12960 13860 14400 15300 15840 16740 17280 18180 20160
1607 13 1440 2340 2880 3780 10080 10980 12960 13860 14400 15300 15840 16740 20160
4897 23 1440 2340 2880 3780 4320 5220 5760 6660 7200 8100 10080 10980 11520 12420 12960 13860 14400 15300 15840 16740 17280 18180 20160
8037 15 0 900 1440 2340 2880 3780 4320 5220 5760 6660 7200 8100 11520 12420 20160
7224 13 2880 3780 4320 5220 5760 6660 11520 12420 14400 15300 17280 18180 20160
4354 17 2880 3780 4320 5220 5760 6660 11520 12420 12960 13860 14400 15300 15840 16740 17280 18180 20160
8553 19 0 900 1440 2340 2880 3780 5760 6660 7200 8100 10080 10980 14400 15300 15840 16740 17280 18180 20160
3361 15 0 900 1440 2340 4320 5220 5760 6660 7200 8100 14400 15300 17280 18180 20160
7933 13 0 900 2880 3780 7200 8100 10080 10980 14400 15300 17280 18180 20160
7990 17 0 900 4320 5220 5760 6660 11520 12420 12960 13860 14400 15300 15840 16740 17280 18180 20160
4826 21 0 900 1440 2340 2880 3780 5760 6660 7200 8100 10080 10980 11520 12420 14400 15300 15840 16740 17280 18180 20160
5298 11 2880 3780 4320 5220 5760 6660 7200 8100 17280 18180 20160
2215 19 0 900 1440 2340 4320 5220 5760 6660 10080 10980 11520 12420 14400 15300 15840 16740 17280 18180 20160
3083 15 1440 2340 2880 3780 5760 6660 12960 13860 14400 15300 15840 16740 17280 18180 20160
2123 15 0 900 1440 2340 2880 3780 4320 5220 5760 6660 11520 12420 15840 16740 20160
7136 19 0 900 1440 2340 5760 6660 7200 8100 10080 10980 12960 13860 14400 15300 15840 16740 17280 18180 20160
2081 25 0 900 1440 2340 2880 3780 4320 5220 5760 6660 7200 8100 10080 10980 11520 12420 12960 13860 14400 15300 15840 16740 17280 18180 20160
rackdeVideo 3
rackdeEndoscopia 1
microscópiOftalmo 1
microscopioNeuro 1
plataformaArgonio 1
mesasTracaoOrtopédica 2
mesasArticuladas 2
perneiraPosicaoGine 1
arcoCirurgico 2
ultrassom 1
972299 3 5298 3 0 5 0 0 179 60 15 0 0000000000 1 1 133 60 15 30 1100000000 2 2 93 30 20 30 0000000000 3 3 48 60 25 30 0000000000 4 0 1842 60 15 30 0000000000
884490 2 8553 2 0 4 0 0 179 60 15 0 0000000000 1 1 138 60 15 30 1000000100 2 3 55 60 25 30 0000000000 3 0 1599 60 15 30 0000000000
231952 4 6522 3 1440 4 0 0 176 60 15 0 0000000000 1 1 203 60 15 30 0000000010 2 3 52 60 25 30 0000000000 3 0 2726 60 15 30 0000000000
464163 2 7136 3 1440 4 0 0 186 60 15 0 0000000000 1 1 138 60 15 30 1000000100 2 3 46 60 25 30 0000000000 3 0 1583 60 15 30 0000000000
821695 2 2215 1 0 4 0 0 181 60 15 0 0000000000 1 1 134 60 15 30 1000000100 2 3 56 60 25 30 0000000000 3 0 1596 60 15 30 0000000000
878680 7 7136 3 0 4 0 0 182 60 15 0 0000000000 1 1 220 60 15 30 0001000000 2 3 59 60 25 30 0000000000 3 0 2604 60 15 30 0000000000
657476 1 5298 3 0 4 0 0 185 60 15 0 0000000000 1 1 219 60 15 30 1000000000 2 3 51 60 25 30 0000000000 3 0 2120 60 15 30 0000000000
951784 0 8037 1 0 4 0 0 182 60 15 0 0000000000 1 1 223 60 15 30 0000010000 2 3 49 60 25 30 0000000000 3 0 2491 60 15 30 0000000000
951298 1 7933 3 0 4 0 0 183 60 15 0 0000000000 1 1 233 60 15 30 1000000000 2 3 48 60 25 30 0000000000 3 0 2131 60 15 30 0000000000
179758 3 7933 3 0 5 0 0 180 60 15 0 0000000000 1 1 169 60 15 30 1100000000 2 2 93 30 20 30 0000000000 3 3 47 60 25 30 0000000000 4 0 1853 60 15 30 0000000000
972542 1 7990 1 0 4 0 0 175 60 15 0 0000000000 1 1 205 60 15 30 1000000000 2 3 59 60 25 30 0000000000 3 0 2049 60 15 30 0000000000
160849 1 7136 2 0 4 0 0 181 60 15 0 0000000000 1 1 217 60 15 30 1000000000 2 3 58 60 25 30 0000000000 3 0 2093 60 15 30 0000000000
803205 8 2081 2 0 4 0 0 179 60 15 0 0000000000 1 1 215 60 15 30 0000000011 2 3 47 60 25 30 0000000000 3 0 2591 60 15 30 0000000000
647144 4 4826 2 0 4 0 0 182 60 15 0 0000000000 1 1 228 60 15 30 0000000010 2 3 56 60 25 30 0000000000 3 0 2628 60 15 30 0000000000
317079 6 5298 2 0 5 0 0 178 60 15 0 0000000000 1 1 165 60 15 30 0010100000 2 2 92 30 20 30 0000000000 3 3 37 60 25 30 0000000000 4 0 2010 60 15 30 0000000000
225207 4 3361 1 0 4 0 0 183 60 15 0 0000000000 1 1 217 60 15 30 0000000010 2 3 47 60 25 30 0000000000 3 0 2745 60 15 30 0000000000
113426 4 7990 1 1440 4 0 0 180 60 15 0 0000000000 1 1 216 60 15 30 0000000010 2 3 53 60 25 30 0000000000 3 0 2679 60 15 30 0000000000
814147 1 6522 3 0 4 0 0 180 60 15 0 0000000000 1 1 211 60 15 30 1000000000 2 3 51 60 25 30 0000000000 3 0 2109 60 15 30 0000000000
533883 7 3361 3 1440 4 0 0 182 60 15 0 0000000000 1 1 208 60 15 30 0001000000 2 3 52 60 25 30 0000000000 3 0 2631 60 15 30 0000000000
708524 1 7990 2 0 4 0 0 180 60 15 0 0000000000 1 1 210 60 15 30 1000000000 2 3 53 60 25 30 0000000000 3 0 2083 60 15 30 0000000000
463266 4 8037 1 0 4 0 0 177 60 15 0 0000000000 1 1 200 60 15 30 0000000010 2 3 52 60 25 30 0000000000 3 0 2725 60 15 30 0000000000
219130 1 3083 1 0 4 0 0 186 60 15 0 0000000000 1 1 234 60 15 30 1000000000 2 3 55 60 25 30 0000000000 3 0 2050 60 15 30 0000000000
838827 6 7224 2 0 5 0 0 177 60 15 0 0000000000 1 1 152 60 15 30 0010100000 2 2 113 30 20 30 0000000000 3 3 44 60 25 30 0000000000 4 0 2074 60 15 30 0000000000
813399 5 8037 3 0 4 0 0 179 60 15 0 0000000000 1 1 199 60 15 30 1000000000 2 3 58 60 25 30 0000000000 3 0 2352 60 15 30 0000000000
233241 1 7933 3 0 4 0 0 170 60 15 0 0000000000 1 1 208 60 15 30 1000000000 2 3 44 60 25 30 0000000000 3 0 2100 60 15 30 0000000000
258436 8 7224 1 0 4 0 0 182 60 15 0 0000000000 1 1 207 60 15 30 0000000011 2 3 47 60 25 30 0000000000 3 0 2614 60 15 30 0000000000
880581 4 8553 1 0 4 0 0 175 60 15 0 0000000000 1 1 230 60 15 30 0000000010 2 3 47 60 25 30 0000000000 3 0 2763 60 15 30 0000000000
812616 7 7990 2 0 4 0 0 185 60 15 0 0000000000 1 1 220 60 15 30 0001000000 2 3 46 60 25 30 0000000000 3 0 2563 60 15 30 0000000000
966117 2 5298 1 1440 4 0 0 186 60 15 0 0000000000 1 1 140 60 15 30 1000000100 2 3 46 60 25 30 0000000000 3 0 1626 60 15 30 0000000000
187335 0 5298 3 0 4 0 0 177 60 15 0 0000000000 1 1 227 60 15 30 0000010000 2 3 46 60 25 30 0000000000 3 0 2521 60 15 30 0000000000
878431 6 7136 1 0 5 0 0 183 60 15 0 0000000000 1 1 183 60 15 30 0010100000 2 2 90 30 20 30 0000000000 3 3 56 60 25 30 0000000000 4 0 2094 60 15 30 0000000000
927156 1 4354 2 0 4 0 0 177 60 15 0 0000000000 1 1 205 60 15 30 1000000000 2 3 54 60 25 30 0000000000 3 0 2053 60 15 30 0000000000
748180 4 2215 2 0 4 0 0 183 60 15 0 0000000000 1 1 245 60 15 30 0000000010 2 3 47 60 25 30 0000000000 3 0 2643 60 15 30 0000000000
169103 8 6522 3 0 4 0 0 179 60 15 0 0000000000 1 1 207 60 15 30 0000000011 2 3 43 60 25 30 0000000000 3 0 2560 60 15 30 0000000000
744415 3 5298 3 0 5 0 0 180 60 15 0 0000000000 1 1 184 60 15 30 1100000000 2 2 82 30 20 30 0000000000 3 3 50 60 25 30 0000000000 4 0 1802 60 15 30 0000000000
950984 1 7990 3 1440 4 0 0 176 60 15 0 0000000000 1 1 210 60 15 30 1000000000 2 3 51 60 25 30 0000000000 3 0 2110 60 15 30 0000000000
248836 10 8037 3 0 4 0 0 186 60 15 0 0000000000 1 1 186 60 15 30 0000001000 2 3 54 60 25 30 0000000000 3 0 2182 60 15 30 0000000000
154813 3 1607 2 0 5 0 0 177 60 15 0 0000000000 1 1 144 60 15 30 1100000000 2 2 89 30 20 30 0000000000 3 3 53 60 25 30 0000000000 4 0 1826 60 15 30 0000000000
874374 2 3834 3 1440 4 0 0 181 60 15 0 0000000000 1 1 134 60 15 30 1000000100 2 3 63 60 25 30 0000000000 3 0 1586 60 15 30 0000000000
282951 4 4354 1 1440 4 0 0 176 60 15 0 0000000000 1 1 223 60 15 30 0000000010 2 3 44 60 25 30 0000000000 3 0 2691 60 15 30 0000000000
627657 1 4897 3 1440 4 0 0 182 60 15 0 0000000000 1 1 223 60 15 30 1000000000 2 3 58 60 25 30 0000000000 3 0 2098 60 15 30 0000000000
276809 6 3083 2 0 5 0 0 179 60 15 0 0000000000 1 1 175 60 15 30 0010100000 2 2 94 30 20 30 0000000000 3 3 53 60 25 30 0000000000 4 0 2099 60 15 30 0000000000
121053 6 3083 1 0 5 0 0 182 60 15 0 0000000000 1 1 160 60 15 30 0010100000 2 2 84 30 20 30 0000000000 3 3 55 60 25 30 0000000000 4 0 2098 60 15 30 0000000000
798783 2 1607 3 0 4 0 0 181 60 15 0 0000000000 1 1 125 60 15 30 1000000100 2 3 46 60 25 30 0000000000 3 0 1588 60 15 30 0000000000
920087 5 5298 2 0 4 0 0 178 60 15 0 0000000000 1 1 192 60 15 30 1000000000 2 3 51 60 25 30 0000000000 3 0 2341 60 15 30 0000000000
561535 1 2081 3 0 4 0 0 180 60 15 0 0000000000 1 1 216 60 15 30 1000000000 2 3 54 60 25 30 0000000000 3 0 2087 60 15 30 0000000000
853768 1 7136 3 0 4 0 0 180 60 15 0 0000000000 1 1 208 60 15 30 1000000000 2 3 46 60 25 30 0000000000 3 0 2066 60 15 30 0000000000
249554 3 4826 1 0 5 0 0 182 60 15 0 0000000000 1 1 158 60 15 30 1100000000 2 2 98 30 20 30 0000000000 3 3 49 60 25 30 0000000000 4 0 1861 60 15 30 0000000000
330903 3 7136 1 1440 5 0 0 179 60 15 0 0000000000 1 1 159 60 15 30 1100000000 2 2 99 30 20 30 0000000000 3 3 51 60 25 30 0000000000 4 0 1830 60 15 30 0000000000
722507 2 7136 2 0 4 0 0 182 60 15 0 0000000000 1 1 123 60 15 30 1000000100 2 3 55 60 25 30 0000000000 3 0 1615 60 15 30 0000000000
423932 7 3834 3 0 4 0 0 184 60 15 0 0000000000 1 1 227 60 15 30 0001000000 2 3 58 60 25 30 0000000000 3 0 2557 60 15 30 0000000000
402024 6 8553 1 0 5 0 0 184 60 15 0 0000000000 1 1 168 60 15 30 0010100000 2 2 83 30 20 30 0000000000 3 3 51 60 25 30 0000000000 4 0 2111 60 15 30 0000000000
790024 3 7933 2 1440 5 0 0 180 60 15 0 0000000000 1 1 166 60 15 30 1100000000 2 2 97 30 20 30 0000000000 3 3 48 60 25 30 0000000000 4 0 1858 60 15 30 0000000000
438551 0 7933 1 0 4 0 0 183 60 15 0 0000000000 1 1 221 60 15 30 0000010000 2 3 44 60 25 30 0000000000 3 0 2429 60 15 30 0000000000
532752 3 4826 2 1440 5 0 0 174 60 15 0 0000000000 1 1 161 60 15 30 1100000000 2 2 89 30 20 30 0000000000 3 3 54 60 25 30 0000000000 4 0 1843 60 15 30 0000000000
427116 5 3834 2 0 4 0 0 178 60 15 0 0000000000 1 1 183 60 15 30 1000000000 2 3 39 60 25 30 0000000000 3 0 2355 60 15 30 0000000000
682363 1 8037 3 1440 4 0 0 179 60 15 0 0000000000 1 1 200 60 15 30 1000000000 2 3 57 60 25 30 0000000000 3 0 2113 60 15 30 0000000000
789140 5 6522 3 1440 4 0 0 183 60 15 0 0000000000 1 1 208 60 15 30 1000000000 2 3 51 60 25 30 0000000000 3 0 2370 60 15 30 0000000000
322966 8 7933 2 1440 4 0 0 176 60 15 0 0000000000 1 1 214 60 15 30 0000000011 2 3 50 60 25 30 0000000000 3 0 2570 60 15 30 0000000000
565335 1 2123 2 1440 4 0 0 175 60 15 0 0000000000 1 1 226 60 15 30 1000000000 2 3 47 60 25 30 0000000000 3 0 2093 60 15 30 0000000000
643975 6 7224 2 0 5 0 0 174 60 15 0 0000000000 1 1 171 60 15 30 0010100000 2 2 114 30 20 30 0000000000 3 3 46 60 25 30 0000000000 4 0 2083 60 15 30 0000000000
458190 1 6522 2 1440 4 0 0 174 60 15 0 0000000000 1 1 205 60 15 30 1000000000 2 3 42 60 25 30 0000000000 3 0 2109 60 15 30 0000000000
634187 0 7224 3 0 4 0 0 173 60 15 0 0000000000 1 1 229 60 15 30 0000010000 2 3 44 60 25 30 0000000000 3 0 2468 60 15 30 0000000000
305912 2 2123 2 0 4 0 0 174 60 15 0 0000000000 1 1 129 60 15 30 1000000100 2 3 57 60 25 30 0000000000 3 0 1603 60 15 30 0000000000
331854 7 7933 3 0 4 0 0 176 60 15 0 0000000000 1 1 212 60 15 30 0001000000 2 3 40 60 25 30 0000000000 3 0 2634 60 15 30 0000000000
244153 6 6522 2 0 5 0 0 179 60 15 0 0000000000 1 1 166 60 15 30 0010100000 2 2 94 30 20 30 0000000000 3 3 54 60 25 30 0000000000 4 0 2032 60 15 30 0000000000
672462 7 3834 2 0 4 0 0 178 60 15 0 0000000000 1 1 204 60 15 30 0001000000 2 3 46 60 25 30 0000000000 3 0 2661 60 15 30 0000000000
713636 4 7933 1 1440 4 0 0 174 60 15 0 0000000000 1 1 230 60 15 30 0000000010 2 3 43 60 25 30 0000000000 3 0 2678 60 15 30 0000000000
318902 0 1607 1 0 4 0 0 187 60 15 0 0000000000 1 1 221 60 15 30 0000010000 2 3 54 60 25 30 0000000000 3 0 2532 60 15 30 0000000000
320258 5 4354 3 0 4 0 0 190 60 15 0 0000000000 1 1 195 60 15 30 1000000000 2 3 50 60 25 30 0000000000 3 0 2352 60 15 30 0000000000
215439 2 3361 1 0 4 0 0 188 60 15 0 0000000000 1 1 109 60 15 30 1000000100 2 3 60 60 25 30 0000000000 3 0 1592 60 15 30 0000000000
567473 4 2081 2 0 4 0 0 176 60 15 0 0000000000 1 1 217 60 15 30 0000000010 2 3 41 60 25 30 0000000000 3 0 2745 60 15 30 0000000000
946350 1 2123 1 0 4 0 0 182 60 15 0 0000000000 1 1 209 60 15 30 1000000000 2 3 51 60 25 30 0000000000 3 0 2094 60 15 30 0000000000
488543 1 6522 2 0 4 0 0 178 60 15 0 0000000000 1 1 216 60 15 30 1000000000 2 3 44 60 25 30 0000000000 3 0 2114 60 15 30 0000000000
248278 7 4826 1 0 4 0 0 185 60 15 0 0000000000 1 1 240 60 15 30 0001000000 2 3 44 60 25 30 0000000000 3 0 2639 60 15 30 0000000000
15387 0 0
19404 0 0
16101 0 1440
17865 0 0
19166 0 0
18641 0 0
19749 0 0
18335 0 1440
17433 0 0
18486 0 0
11622 0 1440
15835 0 0
14146 0 0
18287 0 0
16719 0 1440
12798 0 0
19910 0 0
16420 0 0
15389 0 0
12232 0 0
17346 0 1440
16650 0 0
15675 0 1440
10127 0 0
14157 0 0
13257 0 0
17129 0 0
11318 0 0
12914 0 0
31016 1 111111111011 21 0 900 1440 2340 2880 3780 4320 5220 5760 6660 10080 10980 11520 12420 12960 13860 14400 15300 15840 16740 20160
49720 1 111111111111 23 0 900 1440 2340 2880 3780 4320 5220 5760 6660 10080 10980 11520 12420 12960 13860 14400 15300 15840 16740 17380 17980 20160
45325 1 111111011111 23 0 900 1440 2340 2880 3780 4320 5220 5760 6660 10080 10980 11520 12420 12960 13860 14400 15300 15840 16740 17380 17980 20160
55319 2 1 0
57852 2 1 0
61107 2 1 0
94280 3 1 0
75161 3 1 0
89781 3 1 0
98271 3 1 0
