19 81 40 12 10
5235 15 1440 2340 2880 3780 4320 5220 5760 6660 11520 12420 14400 15300 17280 18180 20160
6317 17 0 900 1440 2340 2880 3780 7200 8100 10080 10980 11520 12420 12960 13860 15840 16740 20160
6765 13 1440 2340 2880 3780 4320 5220 5760 6660 10080 10980 17280 18180 20160
8208 19 1440 2340 2880 3780 4320 5220 5760 6660 7200 8100 11520 12420 12960 13860 14400 15300 15840 16740 20160
1121 13 0 900 4320 5220 5760 6660 11520 12420 12960 13860 14400 15300 20160
8620 17 1440 2340 2880 3780 5760 6660 7200 8100 10080 10980 11520 12420 12960 13860 15840 16740 20160
4920 23 0 900 1440 2340 2880 3780 4320 5220 5760 6660 7200 8100 10080 10980 11520 12420 12960 13860 15840 16740 17280 18180 20160
4831 19 1440 2340 2880 3780 4320 5220 5760 6660 7200 8100 11520 12420 12960 13860 15840 16740 17280 18180 20160
3735 21 1440 2340 2880 3780 4320 5220 5760 6660 7200 8100 10080 10980 12960 13860 14400 15300 15840 16740 17280 18180 20160
7758 15 1440 2340 5760 6660 7200 8100 11520 12420 12960 13860 14400 15300 17280 18180 20160
3511 19 0 900 2880 3780 4320 5220 5760 6660 7200 8100 10080 10980 12960 13860 15840 16740 17280 18180 20160
7517 13 0 900 2880 3780 5760 6660 14400 15300 15840 16740 17280 18180 20160
5255 21 0 900 1440 2340 2880 3780 4320 5220 7200 8100 10080 10980 12960 13860 14400 15300 15840 16740 17280 18180 20160
6256 17 0 900 4320 5220 5760 6660 7200 8100 10080 10980 11520 12420 12960 13860 15840 16740 20160
3412 15 0 900 1440 2340 4320 5220 5760 6660 10080 10980 11520 12420 12960 13860 20160
4263 17 1440 2340 2880 3780 4320 5220 5760 6660 10080 10980 11520 12420 12960 13860 14400 15300 20160
6654 21 0 900 2880 3780 4320 5220 5760 6660 10080 10980 11520 12420 12960 13860 14400 15300 15840 16740 17280 18180 20160
4681 17 0 900 1440 2340 2880 3780 5760 6660 10080 10980 11520 12420 12960 13860 15840 16740 20160
6593 17 1440 2340 5760 6660 7200 8100 10080 10980 11520 12420 12960 13860 14400 15300 15840 16740 20160
rackdeVideo 3
rackdeEndoscopia 1
microscópiOftalmo 1
microscopioNeuro 1
plataformaArgonio 1
mesasTracaoOrtopédica 2
mesasArticuladas 2
perneiraPosicaoGine 1
arcoCirurgico 2
ultrassom 1
819393 2 4681 2 0 4 0 0 182 60 15 0 0000000000 1 1 110 60 15 30 1000000100 2 3 57 60 25 30 0000000000 3 0 1609 60 15 30 0000000000
136786 11 1121 1 0 5 0 0 184 60 15 0 0000000000 1 1 295 60 15 30 0100000010 2 2 82 30 20 30 0000000000 3 3 44 60 25 30 0000000000 4 0 3390 60 15 30 0000000000
276528 10 8620 1 0 4 0 0 179 60 15 0 0000000000 1 1 182 60 15 30 0000001000 2 3 48 60 25 30 0000000000 3 0 2199 60 15 30 0000000000
258920 8 1121 3 0 4 0 0 182 60 15 0 0000000000 1 1 197 60 15 30 0000000011 2 3 52 60 25 30 0000000000 3 0 2507 60 15 30 0000000000
596491 1 4920 2 1440 4 0 0 175 60 15 0 0000000000 1 1 216 60 15 30 1000000000 2 3 46 60 25 30 0000000000 3 0 2100 60 15 30 0000000000
534714 2 8208 3 0 4 0 0 178 60 15 0 0000000000 1 1 128 60 15 30 1000000100 2 3 40 60 25 30 0000000000 3 0 1602 60 15 30 0000000000
262531 4 6765 1 0 4 0 0 181 60 15 0 0000000000 1 1 255 60 15 30 0000000010 2 3 59 60 25 30 0000000000 3 0 2660 60 15 30 0000000000
417737 2 3735 2 0 4 0 0 179 60 15 0 0000000000 1 1 124 60 15 30 1000000100 2 3 48 60 25 30 0000000000 3 0 1561 60 15 30 0000000000
832550 1 7758 1 0 4 0 0 179 60 15 0 0000000000 1 1 225 60 15 30 1000000000 2 3 44 60 25 30 0000000000 3 0 2122 60 15 30 0000000000
957046 0 4831 2 0 4 0 0 177 60 15 0 0000000000 1 1 222 60 15 30 0000010000 2 3 47 60 25 30 0000000000 3 0 2499 60 15 30 0000000000
386506 1 6256 2 0 4 0 0 175 60 15 0 0000000000 1 1 213 60 15 30 1000000000 2 3 46 60 25 30 0000000000 3 0 2083 60 15 30 0000000000
292224 1 8208 2 0 4 0 0 176 60 15 0 0000000000 1 1 224 60 15 30 1000000000 2 3 46 60 25 30 0000000000 3 0 2133 60 15 30 0000000000
309552 6 8208 2 1440 5 0 0 180 60 15 0 0000000000 1 1 163 60 15 30 0010100000 2 2 98 30 20 30 0000000000 3 3 59 60 25 30 0000000000 4 0 2009 60 15 30 0000000000
280641 6 7517 3 1440 5 0 0 173 60 15 0 0000000000 1 1 159 60 15 30 0010100000 2 2 82 30 20 30 0000000000 3 3 61 60 25 30 0000000000 4 0 2038 60 15 30 0000000000
177507 0 4681 3 0 4 0 0 185 60 15 0 0000000000 1 1 242 60 15 30 0000010000 2 3 45 60 25 30 0000000000 3 0 2489 60 15 30 0000000000
190927 2 8208 2 0 4 0 0 181 60 15 0 0000000000 1 1 136 60 15 30 1000000100 2 3 45 60 25 30 0000000000 3 0 1578 60 15 30 0000000000
991822 6 7758 1 1440 5 0 0 180 60 15 0 0000000000 1 1 174 60 15 30 0010100000 2 2 85 30 20 30 0000000000 3 3 49 60 25 30 0000000000 4 0 2122 60 15 30 0000000000
287874 8 6765 2 0 4 0 0 178 60 15 0 0000000000 1 1 231 60 15 30 0000000011 2 3 47 60 25 30 0000000000 3 0 2616 60 15 30 0000000000
625919 1 7758 3 1440 4 0 0 178 60 15 0 0000000000 1 1 213 60 15 30 1000000000 2 3 44 60 25 30 0000000000 3 0 2154 60 15 30 0000000000
213191 3 4920 3 0 5 0 0 189 60 15 0 0000000000 1 1 161 60 15 30 1100000000 2 2 86 30 20 30 0000000000 3 3 46 60 25 30 0000000000 4 0 1824 60 15 30 0000000000
433140 0 3735 2 0 4 0 0 180 60 15 0 0000000000 1 1 205 60 15 30 0000010000 2 3 53 60 25 30 0000000000 3 0 2454 60 15 30 0000000000
325108 4 8208 2 0 4 0 0 178 60 15 0 0000000000 1 1 229 60 15 30 0000000010 2 3 45 60 25 30 0000000000 3 0 2683 60 15 30 0000000000
958014 0 8208 3 1440 4 0 0 176 60 15 0 0000000000 1 1 236 60 15 30 0000010000 2 3 45 60 25 30 0000000000 3 0 2460 60 15 30 0000000000
413888 0 4920 2 0 4 0 0 176 60 15 0 0000000000 1 1 223 60 15 30 0000010000 2 3 48 60 25 30 0000000000 3 0 2489 60 15 30 0000000000
825104 0 6593 1 0 4 0 0 177 60 15 0 0000000000 1 1 239 60 15 30 0000010000 2 3 50 60 25 30 0000000000 3 0 2515 60 15 30 0000000000
574156 1 3735 1 0 4 0 0 178 60 15 0 0000000000 1 1 218 60 15 30 1000000000 2 3 50 60 25 30 0000000000 3 0 2091 60 15 30 0000000000
638519 7 4831 2 1440 4 0 0 177 60 15 0 0000000000 1 1 219 60 15 30 0001000000 2 3 47 60 25 30 0000000000 3 0 2581 60 15 30 0000000000
923244 0 5235 1 0 4 0 0 181 60 15 0 0000000000 1 1 233 60 15 30 0000010000 2 3 50 60 25 30 0000000000 3 0 2513 60 15 30 0000000000
387124 1 3412 3 0 4 0 0 184 60 15 0 0000000000 1 1 228 60 15 30 1000000000 2 3 43 60 25 30 0000000000 3 0 2096 60 15 30 0000000000
439064 1 6765 1 0 4 0 0 180 60 15 0 0000000000 1 1 206 60 15 30 1000000000 2 3 40 60 25 30 0000000000 3 0 2078 60 15 30 0000000000
204640 7 6654 1 0 4 0 0 174 60 15 0 0000000000 1 1 217 60 15 30 0001000000 2 3 43 60 25 30 0000000000 3 0 2666 60 15 30 0000000000
303759 0 1121 1 0 4 0 0 181 60 15 0 0000000000 1 1 232 60 15 30 0000010000 2 3 47 60 25 30 0000000000 3 0 2551 60 15 30 0000000000
571676 1 4263 1 0 4 0 0 174 60 15 0 0000000000 1 1 220 60 15 30 1000000000 2 3 38 60 25 30 0000000000 3 0 2096 60 15 30 0000000000
674766 2 4681 2 0 4 0 0 179 60 15 0 0000000000 1 1 130 60 15 30 1000000100 2 3 51 60 25 30 0000000000 3 0 1617 60 15 30 0000000000
584211 6 4831 1 0 5 0 0 180 60 15 0 0000000000 1 1 187 60 15 30 0010100000 2 2 79 30 20 30 0000000000 3 3 49 60 25 30 0000000000 4 0 2067 60 15 30 0000000000
723614 0 5235 1 0 4 0 0 185 60 15 0 0000000000 1 1 239 60 15 30 0000010000 2 3 54 60 25 30 0000000000 3 0 2483 60 15 30 0000000000
190993 2 3511 3 0 4 0 0 176 60 15 0 0000000000 1 1 117 60 15 30 1000000100 2 3 53 60 25 30 0000000000 3 0 1563 60 15 30 0000000000
534910 1 8208 2 0 4 0 0 175 60 15 0 0000000000 1 1 229 60 15 30 1000000000 2 3 49 60 25 30 0000000000 3 0 2103 60 15 30 0000000000
497940 2 6593 1 0 4 0 0 180 60 15 0 0000000000 1 1 121 60 15 30 1000000100 2 3 55 60 25 30 0000000000 3 0 1644 60 15 30 0000000000
932630 1 8208 1 0 4 0 0 183 60 15 0 0000000000 1 1 204 60 15 30 1000000000 2 3 48 60 25 30 0000000000 3 0 2073 60 15 30 0000000000
241337 4 1121 3 0 4 0 0 182 60 15 0 0000000000 1 1 199 60 15 30 0000000010 2 3 52 60 25 30 0000000000 3 0 2756 60 15 30 0000000000
969397 3 4263 3 0 5 0 0 183 60 15 0 0000000000 1 1 142 60 15 30 1100000000 2 2 82 30 20 30 0000000000 3 3 51 60 25 30 0000000000 4 0 1840 60 15 30 0000000000
453189 2 7517 3 0 4 0 0 187 60 15 0 0000000000 1 1 137 60 15 30 1000000100 2 3 52 60 25 30 0000000000 3 0 1613 60 15 30 0000000000
312537 0 4263 2 0 4 0 0 184 60 15 0 0000000000 1 1 240 60 15 30 0000010000 2 3 57 60 25 30 0000000000 3 0 2521 60 15 30 0000000000
233925 1 5255 3 1440 4 0 0 175 60 15 0 0000000000 1 1 187 60 15 30 1000000000 2 3 40 60 25 30 0000000000 3 0 2027 60 15 30 0000000000
296156 6 4263 3 0 5 0 0 178 60 15 0 0000000000 1 1 168 60 15 30 0010100000 2 2 79 30 20 30 0000000000 3 3 45 60 25 30 0000000000 4 0 2107 60 15 30 0000000000
650361 5 7758 3 0 4 0 0 178 60 15 0 0000000000 1 1 183 60 15 30 1000000000 2 3 56 60 25 30 0000000000 3 0 2308 60 15 30 0000000000
845866 4 4831 2 0 4 0 0 173 60 15 0 0000000000 1 1 230 60 15 30 0000000010 2 3 59 60 25 30 0000000000 3 0 2690 60 15 30 0000000000
208968 6 5255 3 0 5 0 0 183 60 15 0 0000000000 1 1 167 60 15 30 0010100000 2 2 86 30 20 30 0000000000 3 3 51 60 25 30 0000000000 4 0 2059 60 15 30 0000000000
561626 2 7758 2 0 4 0 0 174 60 15 0 0000000000 1 1 120 60 15 30 1000000100 2 3 48 60 25 30 0000000000 3 0 1598 60 15 30 0000000000
620482 0 7517 3 0 4 0 0 177 60 15 0 0000000000 1 1 231 60 15 30 0000010000 2 3 53 60 25 30 0000000000 3 0 2481 60 15 30 0000000000
692615 5 5235 2 0 4 0 0 182 60 15 0 0000000000 1 1 189 60 15 30 1000000000 2 3 49 60 25 30 0000000000 3 0 2314 60 15 30 0000000000
645476 2 6654 3 0 4 0 0 181 60 15 0 0000000000 1 1 108 60 15 30 1000000100 2 3 45 60 25 30 0000000000 3 0 1609 60 15 30 0000000000
549880 1 3412 2 1440 4 0 0 178 60 15 0 0000000000 1 1 229 60 15 30 1000000000 2 3 58 60 25 30 0000000000 3 0 2081 60 15 30 0000000000
727689 2 4920 1 0 4 0 0 184 60 15 0 0000000000 1 1 122 60 15 30 1000000100 2 3 41 60 25 30 0000000000 3 0 1616 60 15 30 0000000000
608049 2 8208 3 0 4 0 0 181 60 15 0 0000000000 1 1 138 60 15 30 1000000100 2 3 51 60 25 30 0000000000 3 0 1579 60 15 30 0000000000
929014 6 4681 3 0 5 0 0 175 60 15 0 0000000000 1 1 169 60 15 30 0010100000 2 2 97 30 20 30 0000000000 3 3 52 60 25 30 0000000000 4 0 2026 60 15 30 0000000000
349889 2 5235 2 1440 4 0 0 175 60 15 0 0000000000 1 1 115 60 15 30 1000000100 2 3 39 60 25 30 0000000000 3 0 1607 60 15 30 0000000000
928845 0 7758 1 1440 4 0 0 187 60 15 0 0000000000 1 1 228 60 15 30 0000010000 2 3 54 60 25 30 0000000000 3 0 2489 60 15 30 0000000000
367822 8 3511 1 1440 4 0 0 175 60 15 0 0000000000 1 1 212 60 15 30 0000000011 2 3 54 60 25 30 0000000000 3 0 2555 60 15 30 0000000000
573767 5 3511 1 0 4 0 0 188 60 15 0 0000000000 1 1 180 60 15 30 1000000000 2 3 52 60 25 30 0000000000 3 0 2367 60 15 30 0000000000
204965 1 6654 1 0 4 0 0 176 60 15 0 0000000000 1 1 215 60 15 30 1000000000 2 3 53 60 25 30 0000000000 3 0 2097 60 15 30 0000000000
886276 1 4920 2 0 4 0 0 182 60 15 0 0000000000 1 1 222 60 15 30 1000000000 2 3 56 60 25 30 0000000000 3 0 2086 60 15 30 0000000000
298158 8 4681 3 0 4 0 0 177 60 15 0 0000000000 1 1 219 60 15 30 0000000011 2 3 36 60 25 30 0000000000 3 0 2556 60 15 30 0000000000
187179 1 4263 1 0 4 0 0 177 60 15 0 0000000000 1 1 209 60 15 30 1000000000 2 3 59 60 25 30 0000000000 3 0 2085 60 15 30 0000000000
879151 7 3511 1 0 4 0 0 175 60 15 0 0000000000 1 1 209 60 15 30 0001000000 2 3 52 60 25 30 0000000000 3 0 2569 60 15 30 0000000000
715139 4 5255 2 0 4 0 0 177 60 15 0 0000000000 1 1 218 60 15 30 0000000010 2 3 51 60 25 30 0000000000 3 0 2711 60 15 30 0000000000
780114 8 8620 1 1440 4 0 0 167 60 15 0 0000000000 1 1 212 60 15 30 0000000011 2 3 50 60 25 30 0000000000 3 0 2552 60 15 30 0000000000
939468 6 6256 1 0 5 0 0 182 60 15 0 0000000000 1 1 165 60 15 30 0010100000 2 2 97 30 20 30 0000000000 3 3 52 60 25 30 0000000000 4 0 2123 60 15 30 0000000000
186660 4 5255 1 1440 4 0 0 177 60 15 0 0000000000 1 1 219 60 15 30 0000000010 2 3 51 60 25 30 0000000000 3 0 2714 60 15 30 0000000000
904358 3 6765 2 0 5 0 0 176 60 15 0 0000000000 1 1 155 60 15 30 1100000000 2 2 94 30 20 30 0000000000 3 3 45 60 25 30 0000000000 4 0 1866 60 15 30 0000000000
521828 8 8620 1 0 4 0 0 186 60 15 0 0000000000 1 1 238 60 15 30 0000000011 2 3 48 60 25 30 0000000000 3 0 2582 60 15 30 0000000000
456284 0 7517 1 0 4 0 0 187 60 15 0 0000000000 1 1 237 60 15 30 0000010000 2 3 43 60 25 30 0000000000 3 0 2470 60 15 30 0000000000
937329 6 6765 1 0 5 0 0 179 60 15 0 0000000000 1 1 168 60 15 30 0010100000 2 2 66 30 20 30 0000000000 3 3 44 60 25 30 0000000000 4 0 2010 60 15 30 0000000000
849316 3 4831 2 0 5 0 0 178 60 15 0 0000000000 1 1 154 60 15 30 1100000000 2 2 84 30 20 30 0000000000 3 3 54 60 25 30 0000000000 4 0 1896 60 15 30 0000000000
196892 2 6654 3 0 4 0 0 178 60 15 0 0000000000 1 1 126 60 15 30 1000000100 2 3 52 60 25 30 0000000000 3 0 1596 60 15 30 0000000000
450800 4 8208 2 0 4 0 0 184 60 15 0 0000000000 1 1 213 60 15 30 0000000010 2 3 62 60 25 30 0000000000 3 0 2733 60 15 30 0000000000
195829 5 7758 2 0 4 0 0 183 60 15 0 0000000000 1 1 180 60 15 30 1000000000 2 3 48 60 25 30 0000000000 3 0 2325 60 15 30 0000000000
421812 2 6593 1 0 4 0 0 178 60 15 0 0000000000 1 1 136 60 15 30 1000000100 2 3 43 60 25 30 0000000000 3 0 1648 60 15 30 0000000000
234707 5 6765 1 0 4 0 0 182 60 15 0 0000000000 1 1 196 60 15 30 1000000000 2 3 47 60 25 30 0000000000 3 0 2316 60 15 30 0000000000
861825 2 3511 2 0 4 0 0 178 60 15 0 0000000000 1 1 123 60 15 30 1000000100 2 3 44 60 25 30 0000000000 3 0 1597 60 15 30 0000000000
11030 0 1440
12023 0 0
12309 0 0
13852 0 1440
15541 0 0
15612 0 0
11596 0 0
10672 0 0
12764 0 0
13258 0 0
12312 0 0
17950 0 1440
15006 0 0
13041 0 0
10799 0 0
13097 0 0
18326 0 1440
18315 0 0
16505 0 0
15701 0 1440
10938 0 1440
13992 0 0
16019 0 0
14074 0 0
16195 0 0
14078 0 0
11644 0 0
19982 0 0
10830 0 0
12603 0 0
33384 1 011010111111 23 0 900 1440 2340 2880 3780 4320 5220 5760 6660 7300 7900 10080 10980 11520 12420 12960 13860 14400 15300 15840 16740 20160
20877 1 110111111111 21 0 900 1440 2340 2880 3780 4320 5220 5760 6660 10080 10980 11520 12420 12960 13860 14400 15300 15840 16740 20160
44053 1 111111101001 23 0 900 1440 2340 2880 3780 4320 5220 5760 6660 10080 10980 11520 12420 12960 13860 14400 15300 15840 16740 17380 17980 20160
59303 2 1 0
54985 2 1 0
58380 2 1 0
94848 3 1 0
93031 3 1 0
71071 3 1 0
94768 3 1 0
