27 86 49 12 10
7537 21 0 900 4320 5220 5760 6660 7200 8100 10080 10980 11520 12420 12960 13860 14400 15300 15840 16740 17280 18180 20160
2720 19 0 900 2880 3780 4320 5220 5760 6660 7200 8100 10080 10980 11520 12420 15840 16740 17280 18180 20160
3951 13 1440 2340 2880 3780 7200 8100 10080 10980 15840 16740 17280 18180 20160
6841 19 1440 2340 4320 5220 5760 6660 7200 8100 10080 10980 11520 12420 12960 13860 15840 16740 17280 18180 20160
5376 13 0 900 7200 8100 10080 10980 11520 12420 12960 13860 14400 15300 20160
3968 17 1440 2340 2880 3780 10080 10980 11520 12420 12960 13860 14400 15300 15840 16740 17280 18180 20160
6038 13 5760 6660 7200 8100 10080 10980 11520 12420 12960 13860 15840 16740 20160
2411 13 1440 2340 2880 3780 4320 5220 7200 8100 11520 12420 12960 13860 20160
2762 23 0 900 1440 2340 2880 3780 4320 5220 5760 6660 7200 8100 10080 10980 11520 12420 12960 13860 15840 16740 17280 18180 20160
7134 19 0 900 2880 3780 4320 5220 5760 6660 7200 8100 10080 10980 12960 13860 14400 15300 15840 16740 20160
9176 19 4320 5220 5760 6660 7200 8100 10080 10980 11520 12420 12960 13860 14400 15300 15840 16740 17280 18180 20160
8823 17 0 900 1440 2340 2880 3780 5760 6660 7200 8100 10080 10980 14400 15300 17280 18180 20160
8798 19 0 900 1440 2340 2880 3780 5760 6660 10080 10980 11520 12420 14400 15300 15840 16740 17280 18180 20160
5933 15 1440 2340 4320 5220 5760 6660 10080 10980 11520 12420 14400 15300 15840 16740 20160
6342 21 0 900 1440 2340 2880 3780 5760 6660 7200 8100 10080 10980 12960 13860 14400 15300 15840 16740 17280 18180 20160
4853 13 1440 2340 2880 3780 5760 6660 7200 8100 10080 10980 11520 12420 20160
1554 13 1440 2340 5760 6660 7200 8100 10080 10980 11520 12420 17280 18180 20160
7716 17 1440 2340 4320 5220 5760 6660 7200 8100 11520 12420 12960 13860 14400 15300 15840 16740 20160
8850 15 0 900 2880 3780 5760 6660 12960 13860 14400 15300 15840 16740 17280 18180 20160
3119 17 4320 5220 7200 8100 10080 10980 11520 12420 12960 13860 14400 15300 15840 16740 17280 18180 20160
5481 21 0 900 1440 2340 2880 3780 4320 5220 5760 6660 10080 10980 11520 12420 12960 13860 15840 16740 17280 18180 20160
5377 21 0 900 1440 2340 2880 3780 4320 5220 5760 6660 7200 8100 10080 10980 11520 12420 12960 13860 14400 15300 20160
9119 23 0 900 1440 2340 2880 3780 4320 5220 5760 6660 7200 8100 10080 10980 11520 12420 14400 15300 15840 16740 17280 18180 20160
7544 25 0 900 1440 2340 2880 3780 4320 5220 5760 6660 7200 8100 10080 10980 11520 12420 12960 13860 14400 15300 15840 16740 17280 18180 20160
1341 15 0 900 1440 2340 4320 5220 5760 6660 14400 15300 15840 16740 17280 18180 20160
5862 19 0 900 2880 3780 4320 5220 7200 8100 10080 10980 11520 12420 12960 13860 14400 15300 17280 18180 20160
2509 19 0 900 2880 3780 5760 6660 7200 8100 10080 10980 11520 12420 14400 15300 15840 16740 17280 18180 20160
rackdeVideo 3
rackdeEndoscopia 1
microscópiOftalmo 1
microscopioNeuro 1
plataformaArgonio 1
mesasTracaoOrtopédica 2
mesasArticuladas 2
perneiraPosicaoGine 1
arcoCirurgico 2
ultrassom 1
674271 0 1341 3 0 4 0 0 182 60 15 0 0000000000 1 1 221 60 15 30 0000010000 2 3 50 60 25 30 0000000000 3 0 2536 60 15 30 0000000000
526381 3 9119 2 0 5 0 0 179 60 15 0 0000000000 1 1 148 60 15 30 1100000000 2 2 90 30 20 30 0000000000 3 3 50 60 25 30 0000000000 4 0 1859 60 15 30 0000000000
514023 8 5376 1 0 4 0 0 187 60 15 0 0000000000 1 1 221 60 15 30 0000000011 2 3 47 60 25 30 0000000000 3 0 2556 60 15 30 0000000000
973140 3 2509 1 0 5 0 0 184 60 15 0 0000000000 1 1 142 60 15 30 1100000000 2 2 79 30 20 30 0000000000 3 3 39 60 25 30 0000000000 4 0 1848 60 15 30 0000000000
312615 2 2411 1 1440 4 0 0 182 60 15 0 0000000000 1 1 100 60 15 30 1000000100 2 3 52 60 25 30 0000000000 3 0 1540 60 15 30 0000000000
154724 3 6038 1 0 5 0 0 178 60 15 0 0000000000 1 1 149 60 15 30 1100000000 2 2 92 30 20 30 0000000000 3 3 46 60 25 30 0000000000 4 0 1914 60 15 30 0000000000
826183 0 8823 2 1440 4 0 0 185 60 15 0 0000000000 1 1 230 60 15 30 0000010000 2 3 58 60 25 30 0000000000 3 0 2525 60 15 30 0000000000
381087 2 3951 2 1440 4 0 0 179 60 15 0 0000000000 1 1 133 60 15 30 1000000100 2 3 48 60 25 30 0000000000 3 0 1593 60 15 30 0000000000
878968 5 9119 2 0 4 0 0 179 60 15 0 0000000000 1 1 199 60 15 30 1000000000 2 3 45 60 25 30 0000000000 3 0 2306 60 15 30 0000000000
138614 0 4853 2 0 4 0 0 175 60 15 0 0000000000 1 1 229 60 15 30 0000010000 2 3 49 60 25 30 0000000000 3 0 2499 60 15 30 0000000000
535365 2 5377 3 0 4 0 0 184 60 15 0 0000000000 1 1 131 60 15 30 1000000100 2 3 54 60 25 30 0000000000 3 0 1559 60 15 30 0000000000
353945 0 7716 1 1440 4 0 0 181 60 15 0 0000000000 1 1 235 60 15 30 0000010000 2 3 43 60 25 30 0000000000 3 0 2466 60 15 30 0000000000
156174 4 4853 2 0 4 0 0 182 60 15 0 0000000000 1 1 248 60 15 30 0000000010 2 3 51 60 25 30 0000000000 3 0 2700 60 15 30 0000000000
553557 9 4853 1 1440 5 0 0 186 60 15 0 0000000000 1 1 283 60 15 30 0000001000 2 2 89 30 20 30 0000000000 3 3 54 60 25 30 0000000000 4 0 3401 60 15 30 0000000000
454108 3 6038 2 0 5 0 0 182 60 15 0 0000000000 1 1 145 60 15 30 1100000000 2 2 95 30 20 30 0000000000 3 3 57 60 25 30 0000000000 4 0 1881 60 15 30 0000000000
587642 5 8823 3 0 4 0 0 182 60 15 0 0000000000 1 1 210 60 15 30 1000000000 2 3 53 60 25 30 0000000000 3 0 2341 60 15 30 0000000000
163119 9 2509 2 0 5 0 0 176 60 15 0 0000000000 1 1 279 60 15 30 0000001000 2 2 88 30 20 30 0000000000 3 3 40 60 25 30 0000000000 4 0 3357 60 15 30 0000000000
947363 3 6038 1 0 5 0 0 174 60 15 0 0000000000 1 1 157 60 15 30 1100000000 2 2 94 30 20 30 0000000000 3 3 43 60 25 30 0000000000 4 0 1843 60 15 30 0000000000
664891 0 5481 2 0 4 0 0 180 60 15 0 0000000000 1 1 239 60 15 30 0000010000 2 3 49 60 25 30 0000000000 3 0 2463 60 15 30 0000000000
285586 0 4853 1 0 4 0 0 181 60 15 0 0000000000 1 1 211 60 15 30 0000010000 2 3 40 60 25 30 0000000000 3 0 2456 60 15 30 0000000000
128138 7 7544 2 0 4 0 0 175 60 15 0 0000000000 1 1 218 60 15 30 0001000000 2 3 57 60 25 30 0000000000 3 0 2593 60 15 30 0000000000
516733 3 6342 1 0 5 0 0 185 60 15 0 0000000000 1 1 164 60 15 30 1100000000 2 2 105 30 20 30 0000000000 3 3 48 60 25 30 0000000000 4 0 1869 60 15 30 0000000000
193944 2 1341 1 0 4 0 0 184 60 15 0 0000000000 1 1 126 60 15 30 1000000100 2 3 57 60 25 30 0000000000 3 0 1579 60 15 30 0000000000
816219 0 6342 2 0 4 0 0 178 60 15 0 0000000000 1 1 243 60 15 30 0000010000 2 3 48 60 25 30 0000000000 3 0 2434 60 15 30 0000000000
539916 5 5862 3 1440 4 0 0 180 60 15 0 0000000000 1 1 202 60 15 30 1000000000 2 3 51 60 25 30 0000000000 3 0 2333 60 15 30 0000000000
166972 1 4853 2 0 4 0 0 180 60 15 0 0000000000 1 1 236 60 15 30 1000000000 2 3 44 60 25 30 0000000000 3 0 2066 60 15 30 0000000000
352637 3 5376 3 0 5 0 0 180 60 15 0 0000000000 1 1 158 60 15 30 1100000000 2 2 81 30 20 30 0000000000 3 3 37 60 25 30 0000000000 4 0 1810 60 15 30 0000000000
914855 7 3968 1 0 4 0 0 180 60 15 0 0000000000 1 1 238 60 15 30 0001000000 2 3 56 60 25 30 0000000000 3 0 2668 60 15 30 0000000000
312963 10 9119 1 0 4 0 0 184 60 15 0 0000000000 1 1 167 60 15 30 0000001000 2 3 44 60 25 30 0000000000 3 0 2217 60 15 30 0000000000
818437 6 7537 2 1440 5 0 0 181 60 15 0 0000000000 1 1 165 60 15 30 0010100000 2 2 94 30 20 30 0000000000 3 3 55 60 25 30 0000000000 4 0 2134 60 15 30 0000000000
818963 0 5862 2 1440 4 0 0 181 60 15 0 0000000000 1 1 240 60 15 30 0000010000 2 3 43 60 25 30 0000000000 3 0 2506 60 15 30 0000000000
672150 1 5933 3 1440 4 0 0 178 60 15 0 0000000000 1 1 230 60 15 30 1000000000 2 3 50 60 25 30 0000000000 3 0 2104 60 15 30 0000000000
533377 2 3951 1 1440 4 0 0 173 60 15 0 0000000000 1 1 130 60 15 30 1000000100 2 3 58 60 25 30 0000000000 3 0 1590 60 15 30 0000000000
792451 0 5376 1 0 4 0 0 177 60 15 0 0000000000 1 1 222 60 15 30 0000010000 2 3 51 60 25 30 0000000000 3 0 2506 60 15 30 0000000000
374254 2 1341 1 0 4 0 0 178 60 15 0 0000000000 1 1 131 60 15 30 1000000100 2 3 58 60 25 30 0000000000 3 0 1561 60 15 30 0000000000
464986 1 9119 2 0 4 0 0 179 60 15 0 0000000000 1 1 206 60 15 30 1000000000 2 3 51 60 25 30 0000000000 3 0 2123 60 15 30 0000000000
587365 2 4853 3 0 4 0 0 183 60 15 0 0000000000 1 1 136 60 15 30 1000000100 2 3 48 60 25 30 0000000000 3 0 1577 60 15 30 0000000000
682407 2 1341 2 0 4 0 0 174 60 15 0 0000000000 1 1 120 60 15 30 1000000100 2 3 53 60 25 30 0000000000 3 0 1627 60 15 30 0000000000
872419 4 6342 3 0 4 0 0 176 60 15 0 0000000000 1 1 223 60 15 30 0000000010 2 3 51 60 25 30 0000000000 3 0 2763 60 15 30 0000000000
624799 2 6038 3 0 4 0 0 179 60 15 0 0000000000 1 1 118 60 15 30 1000000100 2 3 46 60 25 30 0000000000 3 0 1583 60 15 30 0000000000
548499 11 4853 3 0 5 0 0 176 60 15 0 0000000000 1 1 272 60 15 30 0100000010 2 2 77 30 20 30 0000000000 3 3 49 60 25 30 0000000000 4 0 3408 60 15 30 0000000000
883787 1 5481 2 0 4 0 0 183 60 15 0 0000000000 1 1 209 60 15 30 1000000000 2 3 50 60 25 30 0000000000 3 0 2079 60 15 30 0000000000
834182 3 2720 2 0 5 0 0 179 60 15 0 0000000000 1 1 142 60 15 30 1100000000 2 2 92 30 20 30 0000000000 3 3 41 60 25 30 0000000000 4 0 1888 60 15 30 0000000000
208315 10 7716 2 0 4 0 0 177 60 15 0 0000000000 1 1 170 60 15 30 0000001000 2 3 37 60 25 30 0000000000 3 0 2153 60 15 30 0000000000
135716 0 5376 3 0 4 0 0 178 60 15 0 0000000000 1 1 226 60 15 30 0000010000 2 3 52 60 25 30 0000000000 3 0 2486 60 15 30 0000000000
899519 5 8823 2 0 4 0 0 182 60 15 0 0000000000 1 1 204 60 15 30 1000000000 2 3 48 60 25 30 0000000000 3 0 2366 60 15 30 0000000000
779481 10 3951 2 1440 4 0 0 175 60 15 0 0000000000 1 1 172 60 15 30 0000001000 2 3 50 60 25 30 0000000000 3 0 2229 60 15 30 0000000000
912910 0 8823 2 0 4 0 0 181 60 15 0 0000000000 1 1 216 60 15 30 0000010000 2 3 48 60 25 30 0000000000 3 0 2529 60 15 30 0000000000
606771 4 1341 2 0 4 0 0 178 60 15 0 0000000000 1 1 218 60 15 30 0000000010 2 3 48 60 25 30 0000000000 3 0 2753 60 15 30 0000000000
897664 8 9176 2 0 4 0 0 181 60 15 0 0000000000 1 1 216 60 15 30 0000000011 2 3 48 60 25 30 0000000000 3 0 2565 60 15 30 0000000000
810651 11 7134 1 0 5 0 0 176 60 15 0 0000000000 1 1 290 60 15 30 0100000010 2 2 72 30 20 30 0000000000 3 3 55 60 25 30 0000000000 4 0 3452 60 15 30 0000000000
615541 6 5862 2 1440 5 0 0 174 60 15 0 0000000000 1 1 174 60 15 30 0010100000 2 2 95 30 20 30 0000000000 3 3 51 60 25 30 0000000000 4 0 2057 60 15 30 0000000000
155739 4 2762 3 1440 4 0 0 188 60 15 0 0000000000 1 1 241 60 15 30 0000000010 2 3 51 60 25 30 0000000000 3 0 2732 60 15 30 0000000000
441373 9 5481 1 0 5 0 0 173 60 15 0 0000000000 1 1 275 60 15 30 0000001000 2 2 89 30 20 30 0000000000 3 3 48 60 25 30 0000000000 4 0 3388 60 15 30 0000000000
199373 2 5481 1 0 4 0 0 176 60 15 0 0000000000 1 1 117 60 15 30 1000000100 2 3 45 60 25 30 0000000000 3 0 1617 60 15 30 0000000000
221715 3 5377 1 0 5 0 0 177 60 15 0 0000000000 1 1 156 60 15 30 1100000000 2 2 102 30 20 30 0000000000 3 3 50 60 25 30 0000000000 4 0 1830 60 15 30 0000000000
565768 8 3968 2 0 4 0 0 188 60 15 0 0000000000 1 1 224 60 15 30 0000000011 2 3 52 60 25 30 0000000000 3 0 2592 60 15 30 0000000000
151163 1 8823 3 0 4 0 0 177 60 15 0 0000000000 1 1 235 60 15 30 1000000000 2 3 55 60 25 30 0000000000 3 0 2117 60 15 30 0000000000
949727 4 2411 3 0 4 0 0 176 60 15 0 0000000000 1 1 235 60 15 30 0000000010 2 3 48 60 25 30 0000000000 3 0 2759 60 15 30 0000000000
166057 5 3968 2 0 4 0 0 183 60 15 0 0000000000 1 1 197 60 15 30 1000000000 2 3 54 60 25 30 0000000000 3 0 2303 60 15 30 0000000000
410718 6 7134 2 0 5 0 0 179 60 15 0 0000000000 1 1 167 60 15 30 0010100000 2 2 100 30 20 30 0000000000 3 3 48 60 25 30 0000000000 4 0 2073 60 15 30 0000000000
616056 2 2509 3 0 4 0 0 187 60 15 0 0000000000 1 1 121 60 15 30 1000000100 2 3 57 60 25 30 0000000000 3 0 1593 60 15 30 0000000000
707099 4 3119 1 0 4 0 0 172 60 15 0 0000000000 1 1 235 60 15 30 0000000010 2 3 44 60 25 30 0000000000 3 0 2695 60 15 30 0000000000
334076 1 2720 1 0 4 0 0 176 60 15 0 0000000000 1 1 198 60 15 30 1000000000 2 3 52 60 25 30 0000000000 3 0 2071 60 15 30 0000000000
171372 0 2411 1 0 4 0 0 180 60 15 0 0000000000 1 1 221 60 15 30 0000010000 2 3 45 60 25 30 0000000000 3 0 2524 60 15 30 0000000000
877460 4 6038 2 0 4 0 0 179 60 15 0 0000000000 1 1 221 60 15 30 0000000010 2 3 54 60 25 30 0000000000 3 0 2724 60 15 30 0000000000
690862 0 8850 2 0 4 0 0 179 60 15 0 0000000000 1 1 228 60 15 30 0000010000 2 3 44 60 25 30 0000000000 3 0 2461 60 15 30 0000000000
132125 5 3119 2 0 4 0 0 179 60 15 0 0000000000 1 1 193 60 15 30 1000000000 2 3 50 60 25 30 0000000000 3 0 2317 60 15 30 0000000000
480575 5 7134 1 1440 4 0 0 179 60 15 0 0000000000 1 1 192 60 15 30 1000000000 2 3 50 60 25 30 0000000000 3 0 2374 60 15 30 0000000000
791595 6 6841 1 1440 5 0 0 175 60 15 0 0000000000 1 1 160 60 15 30 0010100000 2 2 83 30 20 30 0000000000 3 3 56 60 25 30 0000000000 4 0 2040 60 15 30 0000000000
438935 5 5377 3 0 4 0 0 177 60 15 0 0000000000 1 1 194 60 15 30 1000000000 2 3 45 60 25 30 0000000000 3 0 2326 60 15 30 0000000000
242297 1 7544 2 0 4 0 0 181 60 15 0 0000000000 1 1 240 60 15 30 1000000000 2 3 51 60 25 30 0000000000 3 0 2092 60 15 30 0000000000
255910 0 2509 3 1440 4 0 0 181 60 15 0 0000000000 1 1 227 60 15 30 0000010000 2 3 48 60 25 30 0000000000 3 0 2517 60 15 30 0000000000
484286 6 9119 1 1440 5 0 0 179 60 15 0 0000000000 1 1 173 60 15 30 0010100000 2 2 60 30 20 30 0000000000 3 3 55 60 25 30 0000000000 4 0 2180 60 15 30 0000000000
394770 2 2411 3 0 4 0 0 180 60 15 0 0000000000 1 1 134 60 15 30 1000000100 2 3 47 60 25 30 0000000000 3 0 1567 60 15 30 0000000000
255192 3 4853 3 1440 5 0 0 181 60 15 0 0000000000 1 1 143 60 15 30 1100000000 2 2 73 30 20 30 0000000000 3 3 48 60 25 30 0000000000 4 0 1846 60 15 30 0000000000
312618 2 5933 1 0 4 0 0 184 60 15 0 0000000000 1 1 119 60 15 30 1000000100 2 3 56 60 25 30 0000000000 3 0 1620 60 15 30 0000000000
722366 1 5862 1 0 4 0 0 185 60 15 0 0000000000 1 1 209 60 15 30 1000000000 2 3 38 60 25 30 0000000000 3 0 2081 60 15 30 0000000000
727852 0 8798 1 0 4 0 0 181 60 15 0 0000000000 1 1 235 60 15 30 0000010000 2 3 50 60 25 30 0000000000 3 0 2490 60 15 30 0000000000
228099 1 3119 1 0 4 0 0 174 60 15 0 0000000000 1 1 196 60 15 30 1000000000 2 3 41 60 25 30 0000000000 3 0 2072 60 15 30 0000000000
522639 2 5481 3 0 4 0 0 184 60 15 0 0000000000 1 1 118 60 15 30 1000000100 2 3 51 60 25 30 0000000000 3 0 1567 60 15 30 0000000000
749583 1 4853 2 1440 4 0 0 187 60 15 0 0000000000 1 1 217 60 15 30 1000000000 2 3 53 60 25 30 0000000000 3 0 2112 60 15 30 0000000000
151045 1 2720 1 0 4 0 0 180 60 15 0 0000000000 1 1 221 60 15 30 1000000000 2 3 57 60 25 30 0000000000 3 0 2107 60 15 30 0000000000
400378 0 5862 3 0 4 0 0 185 60 15 0 0000000000 1 1 229 60 15 30 0000010000 2 3 49 60 25 30 0000000000 3 0 2553 60 15 30 0000000000
811452 4 8798 3 0 4 0 0 176 60 15 0 0000000000 1 1 215 60 15 30 0000000010 2 3 47 60 25 30 0000000000 3 0 2741 60 15 30 0000000000
103808 6 5377 3 0 5 0 0 173 60 15 0 0000000000 1 1 168 60 15 30 0010100000 2 2 94 30 20 30 0000000000 3 3 52 60 25 30 0000000000 4 0 2000 60 15 30 0000000000
19867 0 0
16049 0 1440
11349 0 0
11336 0 0
16220 0 1440
12172 0 0
17408 0 0
15349 0 0
13730 0 0
18738 0 0
13877 0 0
17289 0 0
13077 0 0
11332 0 1440
15771 0 0
12584 0 0
10545 0 0
12102 0 1440
10782 0 0
12730 0 0
19434 0 0
13007 0 0
12180 0 0
10151 0 0
19878 0 0
18539 0 1440
12343 0 0
18784 0 0
15441 0 0
15427 0 0
18114 0 0
14958 0 0
13046 0 0
13810 0 0
17219 0 0
16023 0 0
11997 0 1440
10469 0 1440
10858 0 0
11653 0 1440
46779 1 111111110111 23 0 900 1440 2340 2880 3780 4320 5220 5760 6660 7300 7900 10080 10980 11520 12420 12960 13860 14400 15300 15840 16740 20160
23582 1 111111111011 25 0 900 1440 2340 2880 3780 4320 5220 5760 6660 7300 7900 10080 10980 11520 12420 12960 13860 14400 15300 15840 16740 17380 17980 20160
30913 1 111111111111 23 0 900 1440 2340 2880 3780 4320 5220 5760 6660 7300 7900 10080 10980 11520 12420 12960 13860 14400 15300 15840 16740 20160
60935 2 1 0
65845 2 1 0
83608 3 1 0
79591 3 1 0
85184 3 1 0
88692 3 1 0
