27 84 51 12 10
4790 23 0 900 1440 2340 2880 3780 4320 5220 5760 6660 10080 10980 11520 12420 12960 13860 14400 15300 15840 16740 17280 18180 20160
9391 17 0 900 4320 5220 5760 6660 7200 8100 10080 10980 11520 12420 12960 13860 14400 15300 20160
4493 15 0 900 1440 2340 2880 3780 4320 5220 11520 12420 14400 15300 17280 18180 20160
9269 21 0 900 1440 2340 2880 3780 4320 5220 5760 6660 10080 10980 12960 13860 14400 15300 15840 16740 17280 18180 20160
6621 19 1440 2340 2880 3780 4320 5220 5760 6660 7200 8100 10080 10980 12960 13860 14400 15300 17280 18180 20160
1175 17 0 900 1440 2340 2880 3780 5760 6660 7200 8100 10080 10980 12960 13860 14400 15300 20160
7163 13 0 900 1440 2340 4320 5220 5760 6660 7200 8100 17280 18180 20160
7057 23 0 900 1440 2340 2880 3780 4320 5220 5760 6660 7200 8100 10080 10980 12960 13860 14400 15300 15840 16740 17280 18180 20160
4462 17 0 900 4320 5220 5760 6660 10080 10980 12960 13860 14400 15300 15840 16740 17280 18180 20160
6914 17 0 900 1440 2340 4320 5220 5760 6660 7200 8100 14400 15300 15840 16740 17280 18180 20160
8759 19 1440 2340 4320 5220 5760 6660 7200 8100 10080 10980 11520 12420 12960 13860 14400 15300 15840 16740 20160
7892 17 1440 2340 2880 3780 4320 5220 7200 8100 10080 10980 11520 12420 15840 16740 17280 18180 20160
5726 15 0 900 2880 3780 5760 6660 7200 8100 12960 13860 15840 16740 17280 18180 20160
4438 19 0 900 1440 2340 4320 5220 5760 6660 10080 10980 12960 13860 14400 15300 15840 16740 17280 18180 20160
7729 21 0 900 1440 2340 2880 3780 4320 5220 7200 8100 10080 10980 12960 13860 14400 15300 15840 16740 17280 18180 20160
8506 17 0 900 4320 5220 5760 6660 7200 8100 12960 13860 14400 15300 15840 16740 17280 18180 20160
7632 17 0 900 2880 3780 4320 5220 7200 8100 10080 10980 11520 12420 12960 13860 17280 18180 20160
7324 21 0 900 1440 2340 2880 3780 4320 5220 7200 8100 10080 10980 11520 12420 12960 13860 14400 15300 15840 16740 20160
9237 19 0 900 1440 2340 2880 3780 4320 5220 7200 8100 10080 10980 11520 12420 12960 13860 17280 18180 20160
4943 21 0 900 2880 3780 4320 5220 5760 6660 10080 10980 11520 12420 12960 13860 14400 15300 15840 16740 17280 18180 20160
3626 15 2880 3780 4320 5220 5760 6660 7200 8100 10080 10980 11520 12420 17280 18180 20160
7903 17 0 900 4320 5220 5760 6660 7200 8100 10080 10980 11520 12420 12960 13860 15840 16740 20160
5068 17 0 900 1440 2340 2880 3780 5760 6660 10080 10980 12960 13860 14400 15300 17280 18180 20160
1990 17 0 900 1440 2340 4320 5220 7200 8100 11520 12420 12960 13860 14400 15300 17280 18180 20160
6700 17 2880 3780 4320 5220 5760 6660 7200 8100 10080 10980 11520 12420 15840 16740 17280 18180 20160
4138 19 0 900 4320 5220 5760 6660 10080 10980 11520 12420 12960 13860 14400 15300 15840 16740 17280 18180 20160
2809 21 0 900 1440 2340 2880 3780 5760 6660 7200 8100 10080 10980 12960 13860 14400 15300 15840 16740 17280 18180 20160
rackdeVideo 3
rackdeEndoscopia 1
microscópiOftalmo 1
microscopioNeuro 1
plataformaArgonio 1
mesasTracaoOrtopédica 2
mesasArticuladas 2
perneiraPosicaoGine 1
arcoCirurgico 2
ultrassom 1
547635 6 6621 3 1440 5 0 0 177 60 15 0 0000000000 1 1 157 60 15 30 0010100000 2 2 85 30 20 30 0000000000 3 3 55 60 25 30 0000000000 4 0 2044 60 15 30 0000000000
583180 4 4943 3 0 4 0 0 180 60 15 0 0000000000 1 1 226 60 15 30 0000000010 2 3 53 60 25 30 0000000000 3 0 2752 60 15 30 0000000000
818542 3 9391 3 0 5 0 0 177 60 15 0 0000000000 1 1 151 60 15 30 1100000000 2 2 90 30 20 30 0000000000 3 3 46 60 25 30 0000000000 4 0 1804 60 15 30 0000000000
412945 0 4462 1 0 4 0 0 182 60 15 0 0000000000 1 1 235 60 15 30 0000010000 2 3 44 60 25 30 0000000000 3 0 2512 60 15 30 0000000000
699517 4 7163 2 0 4 0 0 183 60 15 0 0000000000 1 1 206 60 15 30 0000000010 2 3 53 60 25 30 0000000000 3 0 2663 60 15 30 0000000000
639220 5 1990 1 1440 4 0 0 185 60 15 0 0000000000 1 1 192 60 15 30 1000000000 2 3 45 60 25 30 0000000000 3 0 2371 60 15 30 0000000000
735575 0 6621 2 0 4 0 0 180 60 15 0 0000000000 1 1 217 60 15 30 0000010000 2 3 44 60 25 30 0000000000 3 0 2452 60 15 30 0000000000
128788 0 9391 3 0 4 0 0 183 60 15 0 0000000000 1 1 238 60 15 30 0000010000 2 3 51 60 25 30 0000000000 3 0 2496 60 15 30 0000000000
824310 0 9269 1 1440 4 0 0 181 60 15 0 0000000000 1 1 223 60 15 30 0000010000 2 3 39 60 25 30 0000000000 3 0 2480 60 15 30 0000000000
522786 2 4462 1 0 4 0 0 183 60 15 0 0000000000 1 1 140 60 15 30 1000000100 2 3 54 60 25 30 0000000000 3 0 1594 60 15 30 0000000000
692279 1 7903 3 1440 4 0 0 181 60 15 0 0000000000 1 1 209 60 15 30 1000000000 2 3 54 60 25 30 0000000000 3 0 2086 60 15 30 0000000000
336260 8 6621 1 0 4 0 0 182 60 15 0 0000000000 1 1 229 60 15 30 0000000011 2 3 43 60 25 30 0000000000 3 0 2630 60 15 30 0000000000
610849 6 7163 1 0 5 0 0 185 60 15 0 0000000000 1 1 157 60 15 30 0010100000 2 2 84 30 20 30 0000000000 3 3 52 60 25 30 0000000000 4 0 2089 60 15 30 0000000000
468481 1 7729 2 1440 4 0 0 179 60 15 0 0000000000 1 1 243 60 15 30 1000000000 2 3 45 60 25 30 0000000000 3 0 2088 60 15 30 0000000000
521089 3 9269 3 0 5 0 0 182 60 15 0 0000000000 1 1 148 60 15 30 1100000000 2 2 102 30 20 30 0000000000 3 3 54 60 25 30 0000000000 4 0 1915 60 15 30 0000000000
364786 1 6700 3 1440 4 0 0 188 60 15 0 0000000000 1 1 214 60 15 30 1000000000 2 3 56 60 25 30 0000000000 3 0 2116 60 15 30 0000000000
371848 3 7324 1 0 5 0 0 176 60 15 0 0000000000 1 1 160 60 15 30 1100000000 2 2 85 30 20 30 0000000000 3 3 44 60 25 30 0000000000 4 0 1837 60 15 30 0000000000
693605 4 9269 3 0 4 0 0 182 60 15 0 0000000000 1 1 225 60 15 30 0000000010 2 3 61 60 25 30 0000000000 3 0 2781 60 15 30 0000000000
465623 8 7057 2 0 4 0 0 178 60 15 0 0000000000 1 1 200 60 15 30 0000000011 2 3 53 60 25 30 0000000000 3 0 2517 60 15 30 0000000000
241986 0 7632 1 0 4 0 0 179 60 15 0 0000000000 1 1 224 60 15 30 0000010000 2 3 53 60 25 30 0000000000 3 0 2493 60 15 30 0000000000
949041 1 7729 1 0 4 0 0 177 60 15 0 0000000000 1 1 220 60 15 30 1000000000 2 3 49 60 25 30 0000000000 3 0 2089 60 15 30 0000000000
872977 0 6914 3 0 4 0 0 180 60 15 0 0000000000 1 1 227 60 15 30 0000010000 2 3 53 60 25 30 0000000000 3 0 2491 60 15 30 0000000000
943485 5 9391 1 0 4 0 0 181 60 15 0 0000000000 1 1 172 60 15 30 1000000000 2 3 44 60 25 30 0000000000 3 0 2358 60 15 30 0000000000
537282 1 7163 1 0 4 0 0 175 60 15 0 0000000000 1 1 206 60 15 30 1000000000 2 3 50 60 25 30 0000000000 3 0 2072 60 15 30 0000000000
292802 5 8759 3 0 4 0 0 179 60 15 0 0000000000 1 1 198 60 15 30 1000000000 2 3 41 60 25 30 0000000000 3 0 2376 60 15 30 0000000000
621490 2 1175 2 0 4 0 0 182 60 15 0 0000000000 1 1 141 60 15 30 1000000100 2 3 56 60 25 30 0000000000 3 0 1589 60 15 30 0000000000
936880 0 4438 3 0 4 0 0 186 60 15 0 0000000000 1 1 227 60 15 30 0000010000 2 3 55 60 25 30 0000000000 3 0 2520 60 15 30 0000000000
263154 0 4493 3 0 4 0 0 176 60 15 0 0000000000 1 1 224 60 15 30 0000010000 2 3 50 60 25 30 0000000000 3 0 2514 60 15 30 0000000000
282938 10 5068 1 0 4 0 0 178 60 15 0 0000000000 1 1 187 60 15 30 0000001000 2 3 44 60 25 30 0000000000 3 0 2189 60 15 30 0000000000
273444 0 6914 3 0 4 0 0 178 60 15 0 0000000000 1 1 225 60 15 30 0000010000 2 3 48 60 25 30 0000000000 3 0 2489 60 15 30 0000000000
844361 2 1990 3 0 4 0 0 179 60 15 0 0000000000 1 1 121 60 15 30 1000000100 2 3 46 60 25 30 0000000000 3 0 1586 60 15 30 0000000000
480758 0 4138 3 0 4 0 0 179 60 15 0 0000000000 1 1 244 60 15 30 0000010000 2 3 45 60 25 30 0000000000 3 0 2488 60 15 30 0000000000
238942 0 7632 2 1440 4 0 0 170 60 15 0 0000000000 1 1 216 60 15 30 0000010000 2 3 63 60 25 30 0000000000 3 0 2506 60 15 30 0000000000
116906 3 9237 2 0 5 0 0 176 60 15 0 0000000000 1 1 170 60 15 30 1100000000 2 2 98 30 20 30 0000000000 3 3 50 60 25 30 0000000000 4 0 1856 60 15 30 0000000000
484845 3 4438 1 0 5 0 0 175 60 15 0 0000000000 1 1 147 60 15 30 1100000000 2 2 91 30 20 30 0000000000 3 3 50 60 25 30 0000000000 4 0 1874 60 15 30 0000000000
398249 4 4462 1 0 4 0 0 171 60 15 0 0000000000 1 1 216 60 15 30 0000000010 2 3 41 60 25 30 0000000000 3 0 2727 60 15 30 0000000000
547221 4 4138 1 1440 4 0 0 180 60 15 0 0000000000 1 1 235 60 15 30 0000000010 2 3 40 60 25 30 0000000000 3 0 2714 60 15 30 0000000000
652342 1 2809 3 0 4 0 0 178 60 15 0 0000000000 1 1 206 60 15 30 1000000000 2 3 56 60 25 30 0000000000 3 0 2079 60 15 30 0000000000
646922 3 4438 2 0 5 0 0 182 60 15 0 0000000000 1 1 146 60 15 30 1100000000 2 2 87 30 20 30 0000000000 3 3 55 60 25 30 0000000000 4 0 1885 60 15 30 0000000000
198214 9 1175 3 0 5 0 0 177 60 15 0 0000000000 1 1 290 60 15 30 0000001000 2 2 97 30 20 30 0000000000 3 3 51 60 25 30 0000000000 4 0 3282 60 15 30 0000000000
810798 0 6700 3 0 4 0 0 182 60 15 0 0000000000 1 1 223 60 15 30 0000010000 2 3 55 60 25 30 0000000000 3 0 2498 60 15 30 0000000000
186781 0 4138 3 0 4 0 0 174 60 15 0 0000000000 1 1 230 60 15 30 0000010000 2 3 44 60 25 30 0000000000 3 0 2479 60 15 30 0000000000
327346 2 4493 1 0 4 0 0 183 60 15 0 0000000000 1 1 122 60 15 30 1000000100 2 3 46 60 25 30 0000000000 3 0 1582 60 15 30 0000000000
178703 5 4943 3 0 4 0 0 185 60 15 0 0000000000 1 1 191 60 15 30 1000000000 2 3 47 60 25 30 0000000000 3 0 2341 60 15 30 0000000000
803179 8 7163 2 1440 4 0 0 183 60 15 0 0000000000 1 1 229 60 15 30 0000000011 2 3 50 60 25 30 0000000000 3 0 2588 60 15 30 0000000000
317644 5 7729 2 0 4 0 0 181 60 15 0 0000000000 1 1 208 60 15 30 1000000000 2 3 57 60 25 30 0000000000 3 0 2351 60 15 30 0000000000
327948 0 8759 3 0 4 0 0 178 60 15 0 0000000000 1 1 217 60 15 30 0000010000 2 3 49 60 25 30 0000000000 3 0 2529 60 15 30 0000000000
353149 6 7729 1 0 5 0 0 177 60 15 0 0000000000 1 1 155 60 15 30 0010100000 2 2 79 30 20 30 0000000000 3 3 54 60 25 30 0000000000 4 0 2115 60 15 30 0000000000
333797 1 4462 1 0 4 0 0 181 60 15 0 0000000000 1 1 215 60 15 30 1000000000 2 3 51 60 25 30 0000000000 3 0 2109 60 15 30 0000000000
208356 4 7729 1 0 4 0 0 176 60 15 0 0000000000 1 1 228 60 15 30 0000000010 2 3 49 60 25 30 0000000000 3 0 2716 60 15 30 0000000000
637508 1 4790 1 1440 4 0 0 185 60 15 0 0000000000 1 1 205 60 15 30 1000000000 2 3 48 60 25 30 0000000000 3 0 2128 60 15 30 0000000000
374492 1 4790 3 0 4 0 0 177 60 15 0 0000000000 1 1 214 60 15 30 1000000000 2 3 61 60 25 30 0000000000 3 0 2061 60 15 30 0000000000
299593 5 7324 1 1440 4 0 0 182 60 15 0 0000000000 1 1 203 60 15 30 1000000000 2 3 44 60 25 30 0000000000 3 0 2362 60 15 30 0000000000
618619 3 2809 2 0 5 0 0 178 60 15 0 0000000000 1 1 156 60 15 30 1100000000 2 2 103 30 20 30 0000000000 3 3 59 60 25 30 0000000000 4 0 1862 60 15 30 0000000000
206491 5 3626 3 0 4 0 0 181 60 15 0 0000000000 1 1 189 60 15 30 1000000000 2 3 48 60 25 30 0000000000 3 0 2431 60 15 30 0000000000
129041 0 9269 2 1440 4 0 0 183 60 15 0 0000000000 1 1 243 60 15 30 0000010000 2 3 49 60 25 30 0000000000 3 0 2522 60 15 30 0000000000
203814 3 6914 2 1440 5 0 0 173 60 15 0 0000000000 1 1 148 60 15 30 1100000000 2 2 92 30 20 30 0000000000 3 3 42 60 25 30 0000000000 4 0 1819 60 15 30 0000000000
187749 7 7163 3 0 4 0 0 182 60 15 0 0000000000 1 1 215 60 15 30 0001000000 2 3 48 60 25 30 0000000000 3 0 2623 60 15 30 0000000000
832010 0 6914 3 0 4 0 0 179 60 15 0 0000000000 1 1 225 60 15 30 0000010000 2 3 41 60 25 30 0000000000 3 0 2513 60 15 30 0000000000
491431 2 7729 3 0 4 0 0 179 60 15 0 0000000000 1 1 139 60 15 30 1000000100 2 3 60 60 25 30 0000000000 3 0 1552 60 15 30 0000000000
342465 3 4943 1 0 5 0 0 187 60 15 0 0000000000 1 1 140 60 15 30 1100000000 2 2 87 30 20 30 0000000000 3 3 52 60 25 30 0000000000 4 0 1828 60 15 30 0000000000
264584 1 7163 2 0 4 0 0 181 60 15 0 0000000000 1 1 234 60 15 30 1000000000 2 3 59 60 25 30 0000000000 3 0 2098 60 15 30 0000000000
285542 1 5726 3 0 4 0 0 172 60 15 0 0000000000 1 1 223 60 15 30 1000000000 2 3 52 60 25 30 0000000000 3 0 2080 60 15 30 0000000000
787395 1 7729 2 1440 4 0 0 178 60 15 0 0000000000 1 1 214 60 15 30 1000000000 2 3 45 60 25 30 0000000000 3 0 2116 60 15 30 0000000000
493424 1 4462 3 1440 4 0 0 184 60 15 0 0000000000 1 1 232 60 15 30 1000000000 2 3 50 60 25 30 0000000000 3 0 2074 60 15 30 0000000000
291290 1 4493 1 1440 4 0 0 176 60 15 0 0000000000 1 1 227 60 15 30 1000000000 2 3 64 60 25 30 0000000000 3 0 2150 60 15 30 0000000000
640076 7 2809 3 0 4 0 0 179 60 15 0 0000000000 1 1 215 60 15 30 0001000000 2 3 60 60 25 30 0000000000 3 0 2628 60 15 30 0000000000
242152 0 8759 2 0 4 0 0 184 60 15 0 0000000000 1 1 216 60 15 30 0000010000 2 3 64 60 25 30 0000000000 3 0 2470 60 15 30 0000000000
476521 0 7163 3 1440 4 0 0 180 60 15 0 0000000000 1 1 219 60 15 30 0000010000 2 3 52 60 25 30 0000000000 3 0 2503 60 15 30 0000000000
745487 2 4438 2 1440 4 0 0 176 60 15 0 0000000000 1 1 126 60 15 30 1000000100 2 3 57 60 25 30 0000000000 3 0 1609 60 15 30 0000000000
819599 0 7057 2 0 4 0 0 185 60 15 0 0000000000 1 1 216 60 15 30 0000010000 2 3 53 60 25 30 0000000000 3 0 2500 60 15 30 0000000000
402707 1 4943 2 0 4 0 0 180 60 15 0 0000000000 1 1 208 60 15 30 1000000000 2 3 56 60 25 30 0000000000 3 0 2099 60 15 30 0000000000
271278 6 7324 1 1440 5 0 0 182 60 15 0 0000000000 1 1 167 60 15 30 0010100000 2 2 84 30 20 30 0000000000 3 3 52 60 25 30 0000000000 4 0 2078 60 15 30 0000000000
490355 3 7903 1 1440 5 0 0 176 60 15 0 0000000000 1 1 171 60 15 30 1100000000 2 2 99 30 20 30 0000000000 3 3 51 60 25 30 0000000000 4 0 1841 60 15 30 0000000000
579413 11 7903 3 0 5 0 0 177 60 15 0 0000000000 1 1 277 60 15 30 0100000010 2 2 76 30 20 30 0000000000 3 3 56 60 25 30 0000000000 4 0 3387 60 15 30 0000000000
900559 10 4493 3 0 4 0 0 179 60 15 0 0000000000 1 1 177 60 15 30 0000001000 2 3 52 60 25 30 0000000000 3 0 2232 60 15 30 0000000000
150358 5 1175 3 0 4 0 0 180 60 15 0 0000000000 1 1 192 60 15 30 1000000000 2 3 51 60 25 30 0000000000 3 0 2302 60 15 30 0000000000
429723 2 7324 3 1440 4 0 0 186 60 15 0 0000000000 1 1 116 60 15 30 1000000100 2 3 49 60 25 30 0000000000 3 0 1592 60 15 30 0000000000
560104 2 6700 2 0 4 0 0 179 60 15 0 0000000000 1 1 128 60 15 30 1000000100 2 3 52 60 25 30 0000000000 3 0 1636 60 15 30 0000000000
487336 2 8506 2 0 4 0 0 180 60 15 0 0000000000 1 1 131 60 15 30 1000000100 2 3 49 60 25 30 0000000000 3 0 1594 60 15 30 0000000000
382771 0 7324 2 0 4 0 0 182 60 15 0 0000000000 1 1 256 60 15 30 0000010000 2 3 55 60 25 30 0000000000 3 0 2517 60 15 30 0000000000
917493 1 7163 1 0 4 0 0 182 60 15 0 0000000000 1 1 222 60 15 30 1000000000 2 3 56 60 25 30 0000000000 3 0 2113 60 15 30 0000000000
426737 0 4462 1 1440 4 0 0 192 60 15 0 0000000000 1 1 231 60 15 30 0000010000 2 3 47 60 25 30 0000000000 3 0 2494 60 15 30 0000000000
253720 1 7632 2 0 4 0 0 176 60 15 0 0000000000 1 1 233 60 15 30 1000000000 2 3 57 60 25 30 0000000000 3 0 2081 60 15 30 0000000000
14592 0 0
10695 0 1440
10930 0 0
12116 0 1440
12622 0 0
17564 0 0
14720 0 0
18083 0 0
17136 0 1440
12629 0 0
11070 0 1440
16935 0 0
17289 0 0
14751 0 0
10044 0 0
11532 0 1440
12426 0 0
19849 0 0
12827 0 0
12908 0 1440
10929 0 0
17300 0 0
19328 0 0
18895 0 0
18376 0 1440
11854 0 0
14271 0 0
19174 0 0
11545 0 0
11597 0 0
15693 0 0
15542 0 0
16165 0 0
16898 0 0
13262 0 0
10350 0 0
10880 0 0
16953 0 1440
15929 0 0
36457 1 111111011111 21 0 900 1440 2340 2880 3780 4320 5220 5760 6660 10080 10980 11520 12420 12960 13860 14400 15300 15840 16740 20160
48362 1 111111111101 23 0 900 1440 2340 2880 3780 4320 5220 5760 6660 10080 10980 11520 12420 12960 13860 14400 15300 15840 16740 17380 17980 20160
46275 1 011111111111 23 0 900 1440 2340 2880 3780 4320 5220 5760 6660 10080 10980 11520 12420 12960 13860 14400 15300 15840 16740 17380 17980 20160
38708 1 111111111111 21 0 900 1440 2340 2880 3780 4320 5220 5760 6660 10080 10980 11520 12420 12960 13860 14400 15300 15840 16740 20160
66359 2 1 0
62077 2 1 0
60589 2 1 0
79595 3 1 0
81802 3 1 0
89242 3 1 0
72241 3 1 0
83351 3 1 0
