31 93 47 12 10
6029 25 0 900 1440 2340 2880 3780 4320 5220 5760 6660 7200 8100 10080 10980 11520 12420 12960 13860 14400 15300 15840 16740 17280 18180 20160
3306 19 0 900 1440 2340 2880 3780 4320 5220 5760 6660 7200 8100 11520 12420 12960 13860 14400 15300 20160
4255 17 0 900 4320 5220 7200 8100 10080 10980 11520 12420 12960 13860 15840 16740 17280 18180 20160
9258 19 1440 2340 2880 3780 4320 5220 5760 6660 7200 8100 10080 10980 11520 12420 12960 13860 17280 18180 20160
4928 25 0 900 1440 2340 2880 3780 4320 5220 5760 6660 7200 8100 10080 10980 11520 12420 12960 13860 14400 15300 15840 16740 17280 18180 20160
2460 19 0 900 2880 3780 5760 6660 7200 8100 10080 10980 11520 12420 14400 15300 15840 16740 17280 18180 20160
3390 25 0 900 1440 2340 2880 3780 4320 5220 5760 6660 7200 8100 10080 10980 11520 12420 12960 13860 14400 15300 15840 16740 17280 18180 20160
1911 19 0 900 1440 2340 2880 3780 4320 5220 5760 6660 7200 8100 11520 12420 14400 15300 15840 16740 20160
1070 15 1440 2340 2880 3780 4320 5220 7200 8100 10080 10980 11520 12420 15840 16740 20160
8764 21 1440 2340 2880 3780 4320 5220 5760 6660 7200 8100 11520 12420 12960 13860 14400 15300 15840 16740 17280 18180 20160
8643 19 0 900 1440 2340 2880 3780 5760 6660 7200 8100 10080 10980 11520 12420 14400 15300 15840 16740 20160
7302 17 1440 2340 2880 3780 4320 5220 5760 6660 7200 8100 11520 12420 12960 13860 17280 18180 20160
9425 19 0 900 2880 3780 4320 5220 7200 8100 10080 10980 11520 12420 12960 13860 14400 15300 15840 16740 20160
9604 19 0 900 4320 5220 5760 6660 7200 8100 10080 10980 11520 12420 12960 13860 14400 15300 15840 16740 20160
5130 21 0 900 1440 2340 2880 3780 4320 5220 5760 6660 7200 8100 12960 13860 14400 15300 15840 16740 17280 18180 20160
7275 17 0 900 4320 5220 5760 6660 7200 8100 10080 10980 12960 13860 14400 15300 17280 18180 20160
3998 13 0 900 2880 3780 4320 5220 5760 6660 15840 16740 17280 18180 20160
9092 21 0 900 2880 3780 4320 5220 5760 6660 10080 10980 11520 12420 12960 13860 14400 15300 15840 16740 17280 18180 20160
4741 17 1440 2340 4320 5220 5760 6660 7200 8100 10080 10980 11520 12420 14400 15300 17280 18180 20160
7681 19 0 900 1440 2340 2880 3780 5760 6660 7200 8100 10080 10980 12960 13860 14400 15300 15840 16740 20160
5269 17 1440 2340 2880 3780 5760 6660 7200 8100 11520 12420 12960 13860 15840 16740 17280 18180 20160
7720 15 2880 3780 4320 5220 10080 10980 11520 12420 12960 13860 14400 15300 15840 16740 20160
3538 19 0 900 1440 2340 2880 3780 5760 6660 7200 8100 12960 13860 14400 15300 15840 16740 17280 18180 20160
9078 17 0 900 1440 2340 2880 3780 5760 6660 10080 10980 14400 15300 15840 16740 17280 18180 20160
3492 15 2880 3780 4320 5220 7200 8100 10080 10980 14400 15300 15840 16740 17280 18180 20160
7612 19 1440 2340 2880 3780 4320 5220 5760 6660 7200 8100 10080 10980 12960 13860 14400 15300 17280 18180 20160
9302 17 1440 2340 4320 5220 5760 6660 7200 8100 11520 12420 12960 13860 14400 15300 17280 18180 20160
4677 19 0 900 1440 2340 2880 3780 4320 5220 5760 6660 7200 8100 11520 12420 12960 13860 14400 15300 20160
4801 19 0 900 1440 2340 2880 3780 4320 5220 11520 12420 12960 13860 14400 15300 15840 16740 17280 18180 20160
6288 17 0 900 2880 3780 4320 5220 5760 6660 10080 10980 14400 15300 15840 16740 17280 18180 20160
7721 23 0 900 1440 2340 2880 3780 4320 5220 5760 6660 7200 8100 10080 10980 11520 12420 12960 13860 14400 15300 15840 16740 20160
rackdeVideo 3
rackdeEndoscopia 1
microscópiOftalmo 1
microscopioNeuro 1
plataformaArgonio 1
mesasTracaoOrtopédica 2
mesasArticuladas 2
perneiraPosicaoGine 1
arcoCirurgico 2
ultrassom 1
399414 1 7721 1 0 4 0 0 177 60 15 0 0000000000 1 1 233 60 15 30 1000000000 2 3 39 60 25 30 0000000000 3 0 2099 60 15 30 0000000000
551762 4 3492 2 1440 4 0 0 183 60 15 0 0000000000 1 1 232 60 15 30 0000000010 2 3 52 60 25 30 0000000000 3 0 2741 60 15 30 0000000000
819534 8 9078 1 1440 4 0 0 177 60 15 0 0000000000 1 1 231 60 15 30 0000000011 2 3 51 60 25 30 0000000000 3 0 2619 60 15 30 0000000000
732291 4 4677 1 0 4 0 0 181 60 15 0 0000000000 1 1 234 60 15 30 0000000010 2 3 48 60 25 30 0000000000 3 0 2636 60 15 30 0000000000
732435 5 4741 2 0 4 0 0 178 60 15 0 0000000000 1 1 190 60 15 30 1000000000 2 3 48 60 25 30 0000000000 3 0 2373 60 15 30 0000000000
224503 6 7275 3 0 5 0 0 176 60 15 0 0000000000 1 1 168 60 15 30 0010100000 2 2 90 30 20 30 0000000000 3 3 56 60 25 30 0000000000 4 0 2060 60 15 30 0000000000
751771 1 1070 1 0 4 0 0 179 60 15 0 0000000000 1 1 214 60 15 30 1000000000 2 3 55 60 25 30 0000000000 3 0 2093 60 15 30 0000000000
441011 9 7681 3 0 5 0 0 184 60 15 0 0000000000 1 1 280 60 15 30 0000001000 2 2 86 30 20 30 0000000000 3 3 50 60 25 30 0000000000 4 0 3386 60 15 30 0000000000
224021 6 1911 3 0 5 0 0 187 60 15 0 0000000000 1 1 157 60 15 30 0010100000 2 2 91 30 20 30 0000000000 3 3 48 60 25 30 0000000000 4 0 2116 60 15 30 0000000000
130920 7 5269 3 0 4 0 0 182 60 15 0 0000000000 1 1 208 60 15 30 0001000000 2 3 48 60 25 30 0000000000 3 0 2624 60 15 30 0000000000
693344 6 3306 2 1440 5 0 0 176 60 15 0 0000000000 1 1 154 60 15 30 0010100000 2 2 81 30 20 30 0000000000 3 3 53 60 25 30 0000000000 4 0 2036 60 15 30 0000000000
645806 0 7720 1 0 4 0 0 173 60 15 0 0000000000 1 1 204 60 15 30 0000010000 2 3 47 60 25 30 0000000000 3 0 2526 60 15 30 0000000000
666327 7 1911 2 1440 4 0 0 182 60 15 0 0000000000 1 1 229 60 15 30 0001000000 2 3 48 60 25 30 0000000000 3 0 2623 60 15 30 0000000000
304614 1 9078 3 0 4 0 0 174 60 15 0 0000000000 1 1 234 60 15 30 1000000000 2 3 40 60 25 30 0000000000 3 0 2070 60 15 30 0000000000
892828 2 9302 1 1440 4 0 0 175 60 15 0 0000000000 1 1 121 60 15 30 1000000100 2 3 53 60 25 30 0000000000 3 0 1619 60 15 30 0000000000
301180 8 4741 2 1440 4 0 0 177 60 15 0 0000000000 1 1 242 60 15 30 0000000011 2 3 52 60 25 30 0000000000 3 0 2626 60 15 30 0000000000
489133 1 7720 3 0 4 0 0 178 60 15 0 0000000000 1 1 204 60 15 30 1000000000 2 3 40 60 25 30 0000000000 3 0 2125 60 15 30 0000000000
279172 0 5269 2 0 4 0 0 180 60 15 0 0000000000 1 1 235 60 15 30 0000010000 2 3 52 60 25 30 0000000000 3 0 2477 60 15 30 0000000000
232096 8 3538 1 0 4 0 0 183 60 15 0 0000000000 1 1 207 60 15 30 0000000011 2 3 51 60 25 30 0000000000 3 0 2575 60 15 30 0000000000
169238 1 4255 3 0 4 0 0 184 60 15 0 0000000000 1 1 209 60 15 30 1000000000 2 3 60 60 25 30 0000000000 3 0 2107 60 15 30 0000000000
227416 0 9425 3 1440 4 0 0 174 60 15 0 0000000000 1 1 224 60 15 30 0000010000 2 3 56 60 25 30 0000000000 3 0 2487 60 15 30 0000000000
167021 0 3390 3 1440 4 0 0 178 60 15 0 0000000000 1 1 219 60 15 30 0000010000 2 3 45 60 25 30 0000000000 3 0 2477 60 15 30 0000000000
905669 6 3390 3 0 5 0 0 178 60 15 0 0000000000 1 1 165 60 15 30 0010100000 2 2 85 30 20 30 0000000000 3 3 51 60 25 30 0000000000 4 0 2107 60 15 30 0000000000
425295 1 4677 1 0 4 0 0 179 60 15 0 0000000000 1 1 214 60 15 30 1000000000 2 3 36 60 25 30 0000000000 3 0 2169 60 15 30 0000000000
598981 8 1070 3 0 4 0 0 180 60 15 0 0000000000 1 1 216 60 15 30 0000000011 2 3 49 60 25 30 0000000000 3 0 2627 60 15 30 0000000000
270099 2 4677 1 1440 4 0 0 178 60 15 0 0000000000 1 1 126 60 15 30 1000000100 2 3 50 60 25 30 0000000000 3 0 1597 60 15 30 0000000000
227426 5 3390 1 0 4 0 0 179 60 15 0 0000000000 1 1 206 60 15 30 1000000000 2 3 49 60 25 30 0000000000 3 0 2296 60 15 30 0000000000
606617 2 4741 3 1440 4 0 0 177 60 15 0 0000000000 1 1 125 60 15 30 1000000100 2 3 46 60 25 30 0000000000 3 0 1592 60 15 30 0000000000
241188 0 4255 2 0 4 0 0 179 60 15 0 0000000000 1 1 225 60 15 30 0000010000 2 3 47 60 25 30 0000000000 3 0 2516 60 15 30 0000000000
434317 6 4741 2 1440 5 0 0 178 60 15 0 0000000000 1 1 173 60 15 30 0010100000 2 2 99 30 20 30 0000000000 3 3 50 60 25 30 0000000000 4 0 2054 60 15 30 0000000000
777730 2 7720 3 0 4 0 0 186 60 15 0 0000000000 1 1 123 60 15 30 1000000100 2 3 57 60 25 30 0000000000 3 0 1587 60 15 30 0000000000
228802 3 9092 2 0 5 0 0 177 60 15 0 0000000000 1 1 152 60 15 30 1100000000 2 2 95 30 20 30 0000000000 3 3 54 60 25 30 0000000000 4 0 1848 60 15 30 0000000000
178505 0 7275 2 0 4 0 0 189 60 15 0 0000000000 1 1 233 60 15 30 0000010000 2 3 54 60 25 30 0000000000 3 0 2488 60 15 30 0000000000
381032 0 8643 1 0 4 0 0 181 60 15 0 0000000000 1 1 235 60 15 30 0000010000 2 3 53 60 25 30 0000000000 3 0 2533 60 15 30 0000000000
651300 0 7720 1 0 4 0 0 180 60 15 0 0000000000 1 1 245 60 15 30 0000010000 2 3 46 60 25 30 0000000000 3 0 2496 60 15 30 0000000000
695186 9 5269 3 0 5 0 0 183 60 15 0 0000000000 1 1 284 60 15 30 0000001000 2 2 90 30 20 30 0000000000 3 3 48 60 25 30 0000000000 4 0 3281 60 15 30 0000000000
709409 0 9258 2 0 4 0 0 178 60 15 0 0000000000 1 1 227 60 15 30 0000010000 2 3 52 60 25 30 0000000000 3 0 2537 60 15 30 0000000000
411525 11 8643 2 0 5 0 0 178 60 15 0 0000000000 1 1 291 60 15 30 0100000010 2 2 89 30 20 30 0000000000 3 3 66 60 25 30 0000000000 4 0 3342 60 15 30 0000000000
235422 1 7720 2 0 4 0 0 189 60 15 0 0000000000 1 1 221 60 15 30 1000000000 2 3 48 60 25 30 0000000000 3 0 2112 60 15 30 0000000000
791738 1 9425 2 0 4 0 0 178 60 15 0 0000000000 1 1 221 60 15 30 1000000000 2 3 49 60 25 30 0000000000 3 0 2067 60 15 30 0000000000
531769 0 9258 2 0 4 0 0 180 60 15 0 0000000000 1 1 229 60 15 30 0000010000 2 3 42 60 25 30 0000000000 3 0 2522 60 15 30 0000000000
803808 3 8643 1 0 5 0 0 179 60 15 0 0000000000 1 1 158 60 15 30 1100000000 2 2 100 30 20 30 0000000000 3 3 56 60 25 30 0000000000 4 0 1871 60 15 30 0000000000
499373 1 3998 2 0 4 0 0 176 60 15 0 0000000000 1 1 194 60 15 30 1000000000 2 3 56 60 25 30 0000000000 3 0 2112 60 15 30 0000000000
610607 0 7720 3 0 4 0 0 177 60 15 0 0000000000 1 1 229 60 15 30 0000010000 2 3 46 60 25 30 0000000000 3 0 2510 60 15 30 0000000000
402522 2 7275 3 0 4 0 0 186 60 15 0 0000000000 1 1 116 60 15 30 1000000100 2 3 44 60 25 30 0000000000 3 0 1605 60 15 30 0000000000
325311 0 4741 3 0 4 0 0 179 60 15 0 0000000000 1 1 229 60 15 30 0000010000 2 3 51 60 25 30 0000000000 3 0 2525 60 15 30 0000000000
850557 0 9078 1 1440 4 0 0 181 60 15 0 0000000000 1 1 226 60 15 30 0000010000 2 3 48 60 25 30 0000000000 3 0 2467 60 15 30 0000000000
405969 3 4255 2 0 5 0 0 180 60 15 0 0000000000 1 1 139 60 15 30 1100000000 2 2 86 30 20 30 0000000000 3 3 44 60 25 30 0000000000 4 0 1859 60 15 30 0000000000
140428 7 7720 3 0 4 0 0 179 60 15 0 0000000000 1 1 228 60 15 30 0001000000 2 3 41 60 25 30 0000000000 3 0 2621 60 15 30 0000000000
920741 4 9604 2 0 4 0 0 179 60 15 0 0000000000 1 1 228 60 15 30 0000000010 2 3 54 60 25 30 0000000000 3 0 2688 60 15 30 0000000000
718785 4 9258 1 0 4 0 0 174 60 15 0 0000000000 1 1 219 60 15 30 0000000010 2 3 48 60 25 30 0000000000 3 0 2699 60 15 30 0000000000
569630 0 7720 1 0 4 0 0 174 60 15 0 0000000000 1 1 244 60 15 30 0000010000 2 3 58 60 25 30 0000000000 3 0 2490 60 15 30 0000000000
468989 0 3998 3 0 4 0 0 178 60 15 0 0000000000 1 1 228 60 15 30 0000010000 2 3 45 60 25 30 0000000000 3 0 2534 60 15 30 0000000000
395981 3 8643 3 0 5 0 0 177 60 15 0 0000000000 1 1 155 60 15 30 1100000000 2 2 80 30 20 30 0000000000 3 3 47 60 25 30 0000000000 4 0 1866 60 15 30 0000000000
483587 2 9078 1 1440 4 0 0 175 60 15 0 0000000000 1 1 132 60 15 30 1000000100 2 3 49 60 25 30 0000000000 3 0 1634 60 15 30 0000000000
380673 5 7302 3 0 4 0 0 176 60 15 0 0000000000 1 1 193 60 15 30 1000000000 2 3 47 60 25 30 0000000000 3 0 2336 60 15 30 0000000000
515123 5 1070 1 0 4 0 0 179 60 15 0 0000000000 1 1 192 60 15 30 1000000000 2 3 53 60 25 30 0000000000 3 0 2338 60 15 30 0000000000
515643 0 3306 3 0 4 0 0 174 60 15 0 0000000000 1 1 242 60 15 30 0000010000 2 3 47 60 25 30 0000000000 3 0 2455 60 15 30 0000000000
204648 2 1911 1 0 4 0 0 182 60 15 0 0000000000 1 1 138 60 15 30 1000000100 2 3 44 60 25 30 0000000000 3 0 1600 60 15 30 0000000000
495173 4 7302 3 1440 4 0 0 175 60 15 0 0000000000 1 1 245 60 15 30 0000000010 2 3 51 60 25 30 0000000000 3 0 2686 60 15 30 0000000000
999967 7 3492 2 0 4 0 0 185 60 15 0 0000000000 1 1 205 60 15 30 0001000000 2 3 61 60 25 30 0000000000 3 0 2630 60 15 30 0000000000
744183 4 7681 2 0 4 0 0 176 60 15 0 0000000000 1 1 217 60 15 30 0000000010 2 3 56 60 25 30 0000000000 3 0 2759 60 15 30 0000000000
147072 7 9425 3 0 4 0 0 183 60 15 0 0000000000 1 1 227 60 15 30 0001000000 2 3 52 60 25 30 0000000000 3 0 2595 60 15 30 0000000000
854352 4 4801 1 0 4 0 0 181 60 15 0 0000000000 1 1 230 60 15 30 0000000010 2 3 44 60 25 30 0000000000 3 0 2757 60 15 30 0000000000
219730 4 9425 3 0 4 0 0 184 60 15 0 0000000000 1 1 217 60 15 30 0000000010 2 3 44 60 25 30 0000000000 3 0 2696 60 15 30 0000000000
587461 8 7275 2 0 4 0 0 181 60 15 0 0000000000 1 1 212 60 15 30 0000000011 2 3 55 60 25 30 0000000000 3 0 2551 60 15 30 0000000000
869315 1 9604 1 0 4 0 0 175 60 15 0 0000000000 1 1 214 60 15 30 1000000000 2 3 54 60 25 30 0000000000 3 0 2139 60 15 30 0000000000
798746 3 9302 2 0 5 0 0 187 60 15 0 0000000000 1 1 138 60 15 30 1100000000 2 2 73 30 20 30 0000000000 3 3 49 60 25 30 0000000000 4 0 1835 60 15 30 0000000000
402475 1 3538 2 0 4 0 0 184 60 15 0 0000000000 1 1 219 60 15 30 1000000000 2 3 45 60 25 30 0000000000 3 0 2077 60 15 30 0000000000
583497 0 9425 1 0 4 0 0 172 60 15 0 0000000000 1 1 240 60 15 30 0000010000 2 3 51 60 25 30 0000000000 3 0 2489 60 15 30 0000000000
255173 3 4928 2 0 5 0 0 176 60 15 0 0000000000 1 1 177 60 15 30 1100000000 2 2 92 30 20 30 0000000000 3 3 47 60 25 30 0000000000 4 0 1833 60 15 30 0000000000
251219 1 7612 3 0 4 0 0 175 60 15 0 0000000000 1 1 224 60 15 30 1000000000 2 3 67 60 25 30 0000000000 3 0 2111 60 15 30 0000000000
230254 6 9425 1 0 5 0 0 181 60 15 0 0000000000 1 1 172 60 15 30 0010100000 2 2 74 30 20 30 0000000000 3 3 56 60 25 30 0000000000 4 0 2051 60 15 30 0000000000
956742 1 7302 3 0 4 0 0 180 60 15 0 0000000000 1 1 213 60 15 30 1000000000 2 3 57 60 25 30 0000000000 3 0 2119 60 15 30 0000000000
997409 8 4928 1 0 4 0 0 180 60 15 0 0000000000 1 1 215 60 15 30 0000000011 2 3 50 60 25 30 0000000000 3 0 2559 60 15 30 0000000000
978042 10 9604 2 0 4 0 0 170 60 15 0 0000000000 1 1 187 60 15 30 0000001000 2 3 47 60 25 30 0000000000 3 0 2249 60 15 30 0000000000
871739 0 7612 3 1440 4 0 0 180 60 15 0 0000000000 1 1 203 60 15 30 0000010000 2 3 44 60 25 30 0000000000 3 0 2457 60 15 30 0000000000
623324 3 9258 2 0 5 0 0 185 60 15 0 0000000000 1 1 148 60 15 30 1100000000 2 2 94 30 20 30 0000000000 3 3 47 60 25 30 0000000000 4 0 1854 60 15 30 0000000000
314281 2 8643 1 0 4 0 0 177 60 15 0 0000000000 1 1 149 60 15 30 1000000100 2 3 43 60 25 30 0000000000 3 0 1625 60 15 30 0000000000
203793 0 4677 3 0 4 0 0 180 60 15 0 0000000000 1 1 223 60 15 30 0000010000 2 3 35 60 25 30 0000000000 3 0 2489 60 15 30 0000000000
259554 1 7720 3 0 4 0 0 185 60 15 0 0000000000 1 1 221 60 15 30 1000000000 2 3 41 60 25 30 0000000000 3 0 2121 60 15 30 0000000000
991766 2 3306 3 0 4 0 0 178 60 15 0 0000000000 1 1 122 60 15 30 1000000100 2 3 46 60 25 30 0000000000 3 0 1606 60 15 30 0000000000
600154 5 3998 3 0 4 0 0 174 60 15 0 0000000000 1 1 197 60 15 30 1000000000 2 3 48 60 25 30 0000000000 3 0 2324 60 15 30 0000000000
466186 0 9078 2 0 4 0 0 177 60 15 0 0000000000 1 1 217 60 15 30 0000010000 2 3 55 60 25 30 0000000000 3 0 2487 60 15 30 0000000000
841675 1 8764 3 0 4 0 0 180 60 15 0 0000000000 1 1 224 60 15 30 1000000000 2 3 45 60 25 30 0000000000 3 0 2133 60 15 30 0000000000
989199 6 7720 1 1440 5 0 0 179 60 15 0 0000000000 1 1 164 60 15 30 0010100000 2 2 93 30 20 30 0000000000 3 3 46 60 25 30 0000000000 4 0 2073 60 15 30 0000000000
292650 2 5130 1 0 4 0 0 181 60 15 0 0000000000 1 1 130 60 15 30 1000000100 2 3 56 60 25 30 0000000000 3 0 1603 60 15 30 0000000000
410280 1 9425 1 0 4 0 0 172 60 15 0 0000000000 1 1 223 60 15 30 1000000000 2 3 46 60 25 30 0000000000 3 0 2077 60 15 30 0000000000
681756 2 7612 1 1440 4 0 0 174 60 15 0 0000000000 1 1 129 60 15 30 1000000100 2 3 49 60 25 30 0000000000 3 0 1647 60 15 30 0000000000
656323 4 8643 3 0 4 0 0 185 60 15 0 0000000000 1 1 208 60 15 30 0000000010 2 3 50 60 25 30 0000000000 3 0 2714 60 15 30 0000000000
436775 0 6288 2 0 4 0 0 176 60 15 0 0000000000 1 1 226 60 15 30 0000010000 2 3 45 60 25 30 0000000000 3 0 2547 60 15 30 0000000000
206987 6 8643 1 0 5 0 0 184 60 15 0 0000000000 1 1 190 60 15 30 0010100000 2 2 105 30 20 30 0000000000 3 3 38 60 25 30 0000000000 4 0 2085 60 15 30 0000000000
295968 7 6288 1 0 4 0 0 182 60 15 0 0000000000 1 1 222 60 15 30 0001000000 2 3 55 60 25 30 0000000000 3 0 2664 60 15 30 0000000000
16576 0 1440
18174 0 0
15620 0 0
12442 0 0
13174 0 0
13728 0 1440
18493 0 0
15448 0 0
10559 0 1440
10258 0 0
12818 0 0
16156 0 1440
18384 0 1440
12973 0 0
13342 0 0
17365 0 0
19246 0 0
19995 0 0
10622 0 1440
10643 0 0
15226 0 0
14485 0 0
15432 0 1440
16446 0 0
19006 0 0
16087 0 0
19492 0 0
15016 0 0
17733 0 0
16962 0 0
11801 0 0
18460 0 0
15152 0 0
13020 0 0
12341 0 1440
40567 1 111101100011 21 0 900 1440 2340 2880 3780 4320 5220 5760 6660 10080 10980 11520 12420 12960 13860 14400 15300 15840 16740 20160
37235 1 101110101111 21 0 900 1440 2340 2880 3780 4320 5220 5760 6660 10080 10980 11520 12420 12960 13860 14400 15300 15840 16740 20160
23359 1 111111110111 23 0 900 1440 2340 2880 3780 4320 5220 5760 6660 10080 10980 11520 12420 12960 13860 14400 15300 15840 16740 17380 17980 20160
32990 1 101101111011 21 0 900 1440 2340 2880 3780 4320 5220 5760 6660 10080 10980 11520 12420 12960 13860 14400 15300 15840 16740 20160
58231 2 1 0
52356 2 1 0
62720 2 1 0
96054 3 1 0
84525 3 1 0
98251 3 1 0
88209 3 1 0
79117 3 1 0
