40 104 59 12 10
1327 19 0 900 1440 2340 5760 6660 7200 8100 10080 10980 12960 13860 14400 15300 15840 16740 17280 18180 20160
7042 19 1440 2340 2880 3780 4320 5220 5760 6660 7200 8100 10080 10980 11520 12420 12960 13860 14400 15300 20160
9601 15 2880 3780 4320 5220 5760 6660 7200 8100 11520 12420 14400 15300 17280 18180 20160
3634 19 0 900 1440 2340 4320 5220 5760 6660 7200 8100 10080 10980 11520 12420 12960 13860 17280 18180 20160
5253 19 0 900 2880 3780 4320 5220 5760 6660 7200 8100 10080 10980 14400 15300 15840 16740 17280 18180 20160
4487 19 0 900 4320 5220 5760 6660 7200 8100 10080 10980 11520 12420 12960 13860 14400 15300 15840 16740 20160
7020 21 0 900 1440 2340 2880 3780 4320 5220 10080 10980 11520 12420 12960 13860 14400 15300 15840 16740 17280 18180 20160
4493 17 0 900 1440 2340 2880 3780 5760 6660 7200 8100 10080 10980 12960 13860 14400 15300 20160
9202 15 0 900 2880 3780 4320 5220 5760 6660 7200 8100 11520 12420 14400 15300 20160
3079 19 1440 2340 2880 3780 4320 5220 5760 6660 7200 8100 10080 10980 11520 12420 14400 15300 15840 16740 20160
6083 13 0 900 4320 5220 7200 8100 11520 12420 12960 13860 14400 15300 20160
9095 19 0 900 2880 3780 4320 5220 5760 6660 10080 10980 11520 12420 14400 15300 15840 16740 17280 18180 20160
6516 15 0 900 1440 2340 2880 3780 10080 10980 12960 13860 14400 15300 15840 16740 20160
1300 25 0 900 1440 2340 2880 3780 4320 5220 5760 6660 7200 8100 10080 10980 11520 12420 12960 13860 14400 15300 15840 16740 17280 18180 20160
9923 17 2880 3780 7200 8100 10080 10980 11520 12420 12960 13860 14400 15300 15840 16740 17280 18180 20160
7760 17 1440 2340 2880 3780 5760 6660 7200 8100 11520 12420 12960 13860 14400 15300 15840 16740 20160
8466 19 0 900 1440 2340 2880 3780 4320 5220 5760 6660 7200 8100 10080 10980 12960 13860 17280 18180 20160
7036 23 0 900 1440 2340 2880 3780 4320 5220 7200 8100 10080 10980 11520 12420 12960 13860 14400 15300 15840 16740 17280 18180 20160
7227 19 0 900 4320 5220 7200 8100 10080 10980 11520 12420 12960 13860 14400 15300 15840 16740 17280 18180 20160
7520 21 0 900 1440 2340 2880 3780 4320 5220 5760 6660 7200 8100 10080 10980 11520 12420 14400 15300 17280 18180 20160
2601 21 1440 2340 2880 3780 4320 5220 5760 6660 7200 8100 11520 12420 12960 13860 14400 15300 15840 16740 17280 18180 20160
4828 17 1440 2340 2880 3780 4320 5220 5760 6660 7200 8100 11520 12420 12960 13860 14400 15300 20160
8380 13 5760 6660 7200 8100 12960 13860 14400 15300 15840 16740 17280 18180 20160
7413 17 0 900 2880 3780 4320 5220 7200 8100 10080 10980 12960 13860 14400 15300 17280 18180 20160
4574 23 0 900 2880 3780 4320 5220 5760 6660 7200 8100 10080 10980 11520 12420 12960 13860 14400 15300 15840 16740 17280 18180 20160
7118 17 0 900 2880 3780 4320 5220 5760 6660 10080 10980 11520 12420 15840 16740 17280 18180 20160
6024 19 0 900 1440 2340 2880 3780 5760 6660 7200 8100 10080 10980 11520 12420 14400 15300 17280 18180 20160
3255 17 1440 2340 4320 5220 10080 10980 11520 12420 12960 13860 14400 15300 15840 16740 17280 18180 20160
4517 21 0 900 1440 2340 2880 3780 4320 5220 5760 6660 10080 10980 11520 12420 12960 13860 14400 15300 17280 18180 20160
6076 19 0 900 2880 3780 4320 5220 7200 8100 10080 10980 11520 12420 12960 13860 14400 15300 17280 18180 20160
8490 21 0 900 1440 2340 2880 3780 5760 6660 7200 8100 10080 10980 11520 12420 12960 13860 14400 15300 17280 18180 20160
5231 17 0 900 2880 3780 4320 5220 7200 8100 10080 10980 12960 13860 14400 15300 15840 16740 20160
5310 17 0 900 1440 2340 2880 3780 7200 8100 11520 12420 14400 15300 15840 16740 17280 18180 20160
5557 15 1440 2340 2880 3780 4320 5220 10080 10980 12960 13860 14400 15300 15840 16740 20160
4942 21 0 900 1440 2340 2880 3780 4320 5220 7200 8100 10080 10980 11520 12420 12960 13860 15840 16740 17280 18180 20160
8590 15 4320 5220 5760 6660 7200 8100 10080 10980 11520 12420 12960 13860 15840 16740 20160
2821 23 0 900 1440 2340 2880 3780 4320 5220 5760 6660 7200 8100 10080 10980 12960 13860 14400 15300 15840 16740 17280 18180 20160
8498 19 0 900 2880 3780 4320 5220 5760 6660 7200 8100 11520 12420 12960 13860 14400 15300 17280 18180 20160
6360 21 0 900 1440 2340 2880 3780 5760 6660 7200 8100 10080 10980 11520 12420 12960 13860 14400 15300 17280 18180 20160
4429 15 1440 2340 2880 3780 5760 6660 7200 8100 11520 12420 14400 15300 17280 18180 20160
rackdeVideo 3
rackdeEndoscopia 1
microscópiOftalmo 1
microscopioNeuro 1
plataformaArgonio 1
mesasTracaoOrtopédica 2
mesasArticuladas 2
perneiraPosicaoGine 1
arcoCirurgico 2
ultrassom 1
427557 7 3255 2 0 4 0 0 175 60 15 0 0000000000 1 1 227 60 15 30 0001000000 2 3 54 60 25 30 0000000000 3 0 2596 60 15 30 0000000000
254624 3 3634 1 0 5 0 0 182 60 15 0 0000000000 1 1 165 60 15 30 1100000000 2 2 99 30 20 30 0000000000 3 3 64 60 25 30 0000000000 4 0 1846 60 15 30 0000000000
339275 2 7118 1 0 4 0 0 180 60 15 0 0000000000 1 1 130 60 15 30 1000000100 2 3 52 60 25 30 0000000000 3 0 1620 60 15 30 0000000000
259048 9 7520 3 0 5 0 0 188 60 15 0 0000000000 1 1 284 60 15 30 0000001000 2 2 92 30 20 30 0000000000 3 3 52 60 25 30 0000000000 4 0 3383 60 15 30 0000000000
272651 1 7413 2 0 4 0 0 179 60 15 0 0000000000 1 1 213 60 15 30 1000000000 2 3 45 60 25 30 0000000000 3 0 2089 60 15 30 0000000000
475708 8 1327 3 0 4 0 0 179 60 15 0 0000000000 1 1 227 60 15 30 0000000011 2 3 59 60 25 30 0000000000 3 0 2650 60 15 30 0000000000
775978 2 7020 3 0 4 0 0 180 60 15 0 0000000000 1 1 107 60 15 30 1000000100 2 3 39 60 25 30 0000000000 3 0 1586 60 15 30 0000000000
671072 0 4429 2 0 4 0 0 177 60 15 0 0000000000 1 1 234 60 15 30 0000010000 2 3 51 60 25 30 0000000000 3 0 2506 60 15 30 0000000000
626544 4 6516 2 1440 4 0 0 179 60 15 0 0000000000 1 1 220 60 15 30 0000000010 2 3 44 60 25 30 0000000000 3 0 2641 60 15 30 0000000000
425698 10 7413 1 0 4 0 0 177 60 15 0 0000000000 1 1 175 60 15 30 0000001000 2 3 45 60 25 30 0000000000 3 0 2205 60 15 30 0000000000
745988 9 6360 3 0 5 0 0 182 60 15 0 0000000000 1 1 283 60 15 30 0000001000 2 2 91 30 20 30 0000000000 3 3 54 60 25 30 0000000000 4 0 3354 60 15 30 0000000000
273855 3 7020 1 0 5 0 0 174 60 15 0 0000000000 1 1 150 60 15 30 1100000000 2 2 88 30 20 30 0000000000 3 3 46 60 25 30 0000000000 4 0 1811 60 15 30 0000000000
847180 6 6024 2 0 5 0 0 185 60 15 0 0000000000 1 1 173 60 15 30 0010100000 2 2 94 30 20 30 0000000000 3 3 50 60 25 30 0000000000 4 0 2055 60 15 30 0000000000
644879 2 5310 2 1440 4 0 0 180 60 15 0 0000000000 1 1 130 60 15 30 1000000100 2 3 43 60 25 30 0000000000 3 0 1594 60 15 30 0000000000
370250 0 8380 3 0 4 0 0 180 60 15 0 0000000000 1 1 215 60 15 30 0000010000 2 3 49 60 25 30 0000000000 3 0 2509 60 15 30 0000000000
666264 0 7118 3 0 4 0 0 182 60 15 0 0000000000 1 1 217 60 15 30 0000010000 2 3 50 60 25 30 0000000000 3 0 2491 60 15 30 0000000000
124938 0 8590 2 1440 4 0 0 179 60 15 0 0000000000 1 1 232 60 15 30 0000010000 2 3 55 60 25 30 0000000000 3 0 2546 60 15 30 0000000000
711720 8 4429 2 0 4 0 0 185 60 15 0 0000000000 1 1 230 60 15 30 0000000011 2 3 62 60 25 30 0000000000 3 0 2565 60 15 30 0000000000
386362 7 7118 2 0 4 0 0 170 60 15 0 0000000000 1 1 208 60 15 30 0001000000 2 3 43 60 25 30 0000000000 3 0 2645 60 15 30 0000000000
685325 9 4429 1 0 5 0 0 178 60 15 0 0000000000 1 1 269 60 15 30 0000001000 2 2 110 30 20 30 0000000000 3 3 50 60 25 30 0000000000 4 0 3307 60 15 30 0000000000
292683 10 6360 3 0 4 0 0 178 60 15 0 0000000000 1 1 183 60 15 30 0000001000 2 3 42 60 25 30 0000000000 3 0 2243 60 15 30 0000000000
875398 0 5253 1 0 4 0 0 181 60 15 0 0000000000 1 1 238 60 15 30 0000010000 2 3 46 60 25 30 0000000000 3 0 2574 60 15 30 0000000000
130569 3 6083 3 0 5 0 0 178 60 15 0 0000000000 1 1 163 60 15 30 1100000000 2 2 94 30 20 30 0000000000 3 3 53 60 25 30 0000000000 4 0 1851 60 15 30 0000000000
756431 2 4487 2 1440 4 0 0 174 60 15 0 0000000000 1 1 111 60 15 30 1000000100 2 3 52 60 25 30 0000000000 3 0 1565 60 15 30 0000000000
204820 3 9923 2 0 5 0 0 184 60 15 0 0000000000 1 1 146 60 15 30 1100000000 2 2 88 30 20 30 0000000000 3 3 56 60 25 30 0000000000 4 0 1854 60 15 30 0000000000
804896 0 9601 1 0 4 0 0 178 60 15 0 0000000000 1 1 230 60 15 30 0000010000 2 3 59 60 25 30 0000000000 3 0 2505 60 15 30 0000000000
202429 3 5557 2 0 5 0 0 181 60 15 0 0000000000 1 1 161 60 15 30 1100000000 2 2 86 30 20 30 0000000000 3 3 49 60 25 30 0000000000 4 0 1908 60 15 30 0000000000
619348 4 5231 2 0 4 0 0 177 60 15 0 0000000000 1 1 223 60 15 30 0000000010 2 3 42 60 25 30 0000000000 3 0 2724 60 15 30 0000000000
330044 8 8380 3 0 4 0 0 178 60 15 0 0000000000 1 1 224 60 15 30 0000000011 2 3 51 60 25 30 0000000000 3 0 2571 60 15 30 0000000000
678046 0 7413 1 0 4 0 0 174 60 15 0 0000000000 1 1 226 60 15 30 0000010000 2 3 57 60 25 30 0000000000 3 0 2500 60 15 30 0000000000
131627 4 9923 2 0 4 0 0 178 60 15 0 0000000000 1 1 215 60 15 30 0000000010 2 3 48 60 25 30 0000000000 3 0 2711 60 15 30 0000000000
706211 4 6516 1 0 4 0 0 182 60 15 0 0000000000 1 1 224 60 15 30 0000000010 2 3 47 60 25 30 0000000000 3 0 2651 60 15 30 0000000000
504636 0 2821 2 0 4 0 0 175 60 15 0 0000000000 1 1 230 60 15 30 0000010000 2 3 40 60 25 30 0000000000 3 0 2490 60 15 30 0000000000
928025 3 7036 2 0 5 0 0 182 60 15 0 0000000000 1 1 145 60 15 30 1100000000 2 2 93 30 20 30 0000000000 3 3 43 60 25 30 0000000000 4 0 1790 60 15 30 0000000000
891225 0 9601 2 1440 4 0 0 184 60 15 0 0000000000 1 1 239 60 15 30 0000010000 2 3 42 60 25 30 0000000000 3 0 2526 60 15 30 0000000000
214702 3 4828 1 0 5 0 0 180 60 15 0 0000000000 1 1 155 60 15 30 1100000000 2 2 88 30 20 30 0000000000 3 3 42 60 25 30 0000000000 4 0 1846 60 15 30 0000000000
524180 1 6360 3 0 4 0 0 179 60 15 0 0000000000 1 1 217 60 15 30 1000000000 2 3 50 60 25 30 0000000000 3 0 2091 60 15 30 0000000000
721062 4 9601 1 1440 4 0 0 184 60 15 0 0000000000 1 1 227 60 15 30 0000000010 2 3 56 60 25 30 0000000000 3 0 2728 60 15 30 0000000000
693471 5 6024 2 1440 4 0 0 180 60 15 0 0000000000 1 1 196 60 15 30 1000000000 2 3 55 60 25 30 0000000000 3 0 2316 60 15 30 0000000000
368164 0 9202 3 0 4 0 0 172 60 15 0 0000000000 1 1 243 60 15 30 0000010000 2 3 48 60 25 30 0000000000 3 0 2526 60 15 30 0000000000
308816 1 8380 3 0 4 0 0 180 60 15 0 0000000000 1 1 217 60 15 30 1000000000 2 3 46 60 25 30 0000000000 3 0 2093 60 15 30 0000000000
556263 6 3079 3 0 5 0 0 181 60 15 0 0000000000 1 1 163 60 15 30 0010100000 2 2 86 30 20 30 0000000000 3 3 48 60 25 30 0000000000 4 0 2063 60 15 30 0000000000
935106 4 6360 3 0 4 0 0 172 60 15 0 0000000000 1 1 219 60 15 30 0000000010 2 3 60 60 25 30 0000000000 3 0 2731 60 15 30 0000000000
935615 0 6076 2 0 4 0 0 182 60 15 0 0000000000 1 1 226 60 15 30 0000010000 2 3 58 60 25 30 0000000000 3 0 2505 60 15 30 0000000000
505342 1 7118 1 0 4 0 0 180 60 15 0 0000000000 1 1 197 60 15 30 1000000000 2 3 39 60 25 30 0000000000 3 0 2054 60 15 30 0000000000
751566 1 7042 1 0 4 0 0 180 60 15 0 0000000000 1 1 227 60 15 30 1000000000 2 3 50 60 25 30 0000000000 3 0 2124 60 15 30 0000000000
745389 5 9601 2 0 4 0 0 180 60 15 0 0000000000 1 1 204 60 15 30 1000000000 2 3 49 60 25 30 0000000000 3 0 2311 60 15 30 0000000000
477635 2 6024 3 0 4 0 0 185 60 15 0 0000000000 1 1 128 60 15 30 1000000100 2 3 39 60 25 30 0000000000 3 0 1559 60 15 30 0000000000
531660 2 1327 2 0 4 0 0 177 60 15 0 0000000000 1 1 122 60 15 30 1000000100 2 3 53 60 25 30 0000000000 3 0 1621 60 15 30 0000000000
251489 0 7036 1 0 4 0 0 179 60 15 0 0000000000 1 1 235 60 15 30 0000010000 2 3 43 60 25 30 0000000000 3 0 2538 60 15 30 0000000000
160264 6 4487 2 0 5 0 0 179 60 15 0 0000000000 1 1 181 60 15 30 0010100000 2 2 95 30 20 30 0000000000 3 3 46 60 25 30 0000000000 4 0 2062 60 15 30 0000000000
774127 0 8498 2 1440 4 0 0 184 60 15 0 0000000000 1 1 204 60 15 30 0000010000 2 3 53 60 25 30 0000000000 3 0 2468 60 15 30 0000000000
752467 1 5253 3 0 4 0 0 175 60 15 0 0000000000 1 1 216 60 15 30 1000000000 2 3 39 60 25 30 0000000000 3 0 2130 60 15 30 0000000000
947124 3 7118 1 1440 5 0 0 180 60 15 0 0000000000 1 1 166 60 15 30 1100000000 2 2 87 30 20 30 0000000000 3 3 47 60 25 30 0000000000 4 0 1833 60 15 30 0000000000
496721 0 3634 3 0 4 0 0 172 60 15 0 0000000000 1 1 232 60 15 30 0000010000 2 3 53 60 25 30 0000000000 3 0 2495 60 15 30 0000000000
229766 5 4574 1 0 4 0 0 177 60 15 0 0000000000 1 1 179 60 15 30 1000000000 2 3 45 60 25 30 0000000000 3 0 2326 60 15 30 0000000000
719776 6 7042 2 1440 5 0 0 179 60 15 0 0000000000 1 1 174 60 15 30 0010100000 2 2 100 30 20 30 0000000000 3 3 42 60 25 30 0000000000 4 0 2024 60 15 30 0000000000
468843 3 7413 1 0 5 0 0 179 60 15 0 0000000000 1 1 150 60 15 30 1100000000 2 2 91 30 20 30 0000000000 3 3 58 60 25 30 0000000000 4 0 1824 60 15 30 0000000000
482335 0 3079 3 0 4 0 0 179 60 15 0 0000000000 1 1 209 60 15 30 0000010000 2 3 51 60 25 30 0000000000 3 0 2497 60 15 30 0000000000
667420 0 4487 3 1440 4 0 0 181 60 15 0 0000000000 1 1 219 60 15 30 0000010000 2 3 51 60 25 30 0000000000 3 0 2507 60 15 30 0000000000
894414 9 7520 1 0 5 0 0 175 60 15 0 0000000000 1 1 283 60 15 30 0000001000 2 2 84 30 20 30 0000000000 3 3 52 60 25 30 0000000000 4 0 3324 60 15 30 0000000000
680096 4 8498 2 0 4 0 0 180 60 15 0 0000000000 1 1 219 60 15 30 0000000010 2 3 57 60 25 30 0000000000 3 0 2710 60 15 30 0000000000
349578 2 5310 1 1440 4 0 0 179 60 15 0 0000000000 1 1 135 60 15 30 1000000100 2 3 35 60 25 30 0000000000 3 0 1591 60 15 30 0000000000
526781 1 8380 3 0 4 0 0 177 60 15 0 0000000000 1 1 219 60 15 30 1000000000 2 3 58 60 25 30 0000000000 3 0 2062 60 15 30 0000000000
729514 9 6083 3 1440 5 0 0 181 60 15 0 0000000000 1 1 307 60 15 30 0000001000 2 2 102 30 20 30 0000000000 3 3 55 60 25 30 0000000000 4 0 3383 60 15 30 0000000000
708870 3 4574 3 0 5 0 0 177 60 15 0 0000000000 1 1 162 60 15 30 1100000000 2 2 108 30 20 30 0000000000 3 3 54 60 25 30 0000000000 4 0 1857 60 15 30 0000000000
969211 0 7020 1 0 4 0 0 178 60 15 0 0000000000 1 1 222 60 15 30 0000010000 2 3 46 60 25 30 0000000000 3 0 2505 60 15 30 0000000000
768103 1 7036 3 0 4 0 0 176 60 15 0 0000000000 1 1 231 60 15 30 1000000000 2 3 48 60 25 30 0000000000 3 0 2089 60 15 30 0000000000
315748 5 5253 3 0 4 0 0 174 60 15 0 0000000000 1 1 204 60 15 30 1000000000 2 3 48 60 25 30 0000000000 3 0 2394 60 15 30 0000000000
102975 6 8498 2 0 5 0 0 176 60 15 0 0000000000 1 1 158 60 15 30 0010100000 2 2 103 30 20 30 0000000000 3 3 49 60 25 30 0000000000 4 0 2089 60 15 30 0000000000
912417 7 6024 1 0 4 0 0 180 60 15 0 0000000000 1 1 221 60 15 30 0001000000 2 3 54 60 25 30 0000000000 3 0 2659 60 15 30 0000000000
522439 0 7227 1 0 4 0 0 185 60 15 0 0000000000 1 1 238 60 15 30 0000010000 2 3 49 60 25 30 0000000000 3 0 2512 60 15 30 0000000000
975771 1 9202 3 0 4 0 0 181 60 15 0 0000000000 1 1 203 60 15 30 1000000000 2 3 46 60 25 30 0000000000 3 0 2105 60 15 30 0000000000
689743 1 4429 2 1440 4 0 0 177 60 15 0 0000000000 1 1 200 60 15 30 1000000000 2 3 47 60 25 30 0000000000 3 0 2075 60 15 30 0000000000
260105 5 6083 2 0 4 0 0 181 60 15 0 0000000000 1 1 214 60 15 30 1000000000 2 3 48 60 25 30 0000000000 3 0 2294 60 15 30 0000000000
158222 8 2821 3 0 4 0 0 179 60 15 0 0000000000 1 1 216 60 15 30 0000000011 2 3 44 60 25 30 0000000000 3 0 2568 60 15 30 0000000000
405937 1 1300 2 0 4 0 0 181 60 15 0 0000000000 1 1 233 60 15 30 1000000000 2 3 39 60 25 30 0000000000 3 0 2129 60 15 30 0000000000
748215 1 7042 2 0 4 0 0 180 60 15 0 0000000000 1 1 220 60 15 30 1000000000 2 3 47 60 25 30 0000000000 3 0 2058 60 15 30 0000000000
626163 0 3634 1 0 4 0 0 182 60 15 0 0000000000 1 1 204 60 15 30 0000010000 2 3 59 60 25 30 0000000000 3 0 2497 60 15 30 0000000000
814569 9 6516 3 0 5 0 0 175 60 15 0 0000000000 1 1 270 60 15 30 0000001000 2 2 85 30 20 30 0000000000 3 3 46 60 25 30 0000000000 4 0 3337 60 15 30 0000000000
275805 9 3634 2 0 5 0 0 182 60 15 0 0000000000 1 1 280 60 15 30 0000001000 2 2 94 30 20 30 0000000000 3 3 38 60 25 30 0000000000 4 0 3330 60 15 30 0000000000
647576 0 8490 1 0 4 0 0 178 60 15 0 0000000000 1 1 236 60 15 30 0000010000 2 3 44 60 25 30 0000000000 3 0 2508 60 15 30 0000000000
332824 0 5253 3 0 4 0 0 188 60 15 0 0000000000 1 1 245 60 15 30 0000010000 2 3 50 60 25 30 0000000000 3 0 2505 60 15 30 0000000000
702760 4 5310 3 0 4 0 0 183 60 15 0 0000000000 1 1 234 60 15 30 0000000010 2 3 46 60 25 30 0000000000 3 0 2711 60 15 30 0000000000
290755 2 4828 1 0 4 0 0 180 60 15 0 0000000000 1 1 126 60 15 30 1000000100 2 3 50 60 25 30 0000000000 3 0 1605 60 15 30 0000000000
364681 4 4517 1 0 4 0 0 186 60 15 0 0000000000 1 1 234 60 15 30 0000000010 2 3 42 60 25 30 0000000000 3 0 2714 60 15 30 0000000000
954204 2 6516 2 0 4 0 0 181 60 15 0 0000000000 1 1 128 60 15 30 1000000100 2 3 48 60 25 30 0000000000 3 0 1595 60 15 30 0000000000
751230 3 3079 2 1440 5 0 0 184 60 15 0 0000000000 1 1 152 60 15 30 1100000000 2 2 85 30 20 30 0000000000 3 3 49 60 25 30 0000000000 4 0 1901 60 15 30 0000000000
746018 3 6516 3 1440 5 0 0 177 60 15 0 0000000000 1 1 146 60 15 30 1100000000 2 2 92 30 20 30 0000000000 3 3 49 60 25 30 0000000000 4 0 1843 60 15 30 0000000000
532934 1 8490 2 0 4 0 0 188 60 15 0 0000000000 1 1 227 60 15 30 1000000000 2 3 52 60 25 30 0000000000 3 0 2067 60 15 30 0000000000
460829 1 6083 1 0 4 0 0 179 60 15 0 0000000000 1 1 223 60 15 30 1000000000 2 3 52 60 25 30 0000000000 3 0 2082 60 15 30 0000000000
304974 2 6360 2 0 4 0 0 179 60 15 0 0000000000 1 1 119 60 15 30 1000000100 2 3 48 60 25 30 0000000000 3 0 1618 60 15 30 0000000000
606045 4 4942 1 0 4 0 0 177 60 15 0 0000000000 1 1 217 60 15 30 0000000010 2 3 52 60 25 30 0000000000 3 0 2690 60 15 30 0000000000
168956 2 3255 1 0 4 0 0 189 60 15 0 0000000000 1 1 131 60 15 30 1000000100 2 3 53 60 25 30 0000000000 3 0 1614 60 15 30 0000000000
797757 8 7020 3 0 4 0 0 170 60 15 0 0000000000 1 1 213 60 15 30 0000000011 2 3 56 60 25 30 0000000000 3 0 2579 60 15 30 0000000000
114704 8 7227 3 0 4 0 0 180 60 15 0 0000000000 1 1 209 60 15 30 0000000011 2 3 57 60 25 30 0000000000 3 0 2615 60 15 30 0000000000
493728 4 8380 2 0 4 0 0 178 60 15 0 0000000000 1 1 235 60 15 30 0000000010 2 3 57 60 25 30 0000000000 3 0 2724 60 15 30 0000000000
855615 3 3079 3 1440 5 0 0 174 60 15 0 0000000000 1 1 157 60 15 30 1100000000 2 2 74 30 20 30 0000000000 3 3 54 60 25 30 0000000000 4 0 1836 60 15 30 0000000000
686880 0 8498 2 0 4 0 0 180 60 15 0 0000000000 1 1 235 60 15 30 0000010000 2 3 42 60 25 30 0000000000 3 0 2480 60 15 30 0000000000
200115 10 3634 3 1440 4 0 0 180 60 15 0 0000000000 1 1 172 60 15 30 0000001000 2 3 47 60 25 30 0000000000 3 0 2195 60 15 30 0000000000
550618 2 6516 2 1440 4 0 0 175 60 15 0 0000000000 1 1 144 60 15 30 1000000100 2 3 50 60 25 30 0000000000 3 0 1615 60 15 30 0000000000
174976 5 9601 3 0 4 0 0 188 60 15 0 0000000000 1 1 192 60 15 30 1000000000 2 3 44 60 25 30 0000000000 3 0 2327 60 15 30 0000000000
391730 3 4574 1 0 5 0 0 178 60 15 0 0000000000 1 1 141 60 15 30 1100000000 2 2 75 30 20 30 0000000000 3 3 48 60 25 30 0000000000 4 0 1879 60 15 30 0000000000
292367 2 6083 2 0 4 0 0 180 60 15 0 0000000000 1 1 129 60 15 30 1000000100 2 3 56 60 25 30 0000000000 3 0 1595 60 15 30 0000000000
17769 0 1440
10321 0 0
16048 0 0
14431 0 0
12880 0 0
10343 0 0
18973 0 0
16313 0 1440
16160 0 1440
17328 0 0
11150 0 0
11435 0 0
10647 0 1440
15014 0 0
13079 0 1440
19925 0 0
10678 0 0
19625 0 0
13284 0 0
14902 0 1440
11421 0 0
13654 0 0
11998 0 0
17456 0 0
13115 0 0
16831 0 0
10268 0 0
16762 0 0
12570 0 0
13665 0 0
13644 0 0
16198 0 0
13581 0 1440
18303 0 0
13707 0 0
18698 0 0
17332 0 0
19541 0 1440
15090 0 1440
15803 0 0
10369 0 0
10142 0 0
13887 0 1440
10519 0 0
14982 0 1440
10789 0 0
28889 1 011111011101 23 0 900 1440 2340 2880 3780 4320 5220 5760 6660 7300 7900 10080 10980 11520 12420 12960 13860 14400 15300 15840 16740 20160
36992 1 100111111111 21 0 900 1440 2340 2880 3780 4320 5220 5760 6660 10080 10980 11520 12420 12960 13860 14400 15300 15840 16740 20160
37384 1 111111111110 21 0 900 1440 2340 2880 3780 4320 5220 5760 6660 10080 10980 11520 12420 12960 13860 14400 15300 15840 16740 20160
38847 1 101111011010 21 0 900 1440 2340 2880 3780 4320 5220 5760 6660 10080 10980 11520 12420 12960 13860 14400 15300 15840 16740 20160
54624 2 1 0
67715 2 1 0
67268 2 1 0
68983 2 1 0
98995 3 1 0
94808 3 1 0
91373 3 1 0
82979 3 1 0
87377 3 1 0
