43 118 57 12 10
6079 21 0 900 1440 2340 4320 5220 5760 6660 7200 8100 10080 10980 11520 12420 14400 15300 15840 16740 17280 18180 20160
5894 19 0 900 1440 2340 2880 3780 4320 5220 5760 6660 10080 10980 12960 13860 15840 16740 17280 18180 20160
4853 21 0 900 1440 2340 2880 3780 5760 6660 7200 8100 10080 10980 11520 12420 12960 13860 15840 16740 17280 18180 20160
7987 9 2880 3780 5760 6660 7200 8100 11520 12420 20160
3187 15 2880 3780 4320 5220 5760 6660 7200 8100 12960 13860 14400 15300 15840 16740 20160
7705 21 0 900 2880 3780 5760 6660 7200 8100 10080 10980 11520 12420 12960 13860 14400 15300 15840 16740 17280 18180 20160
7011 23 0 900 1440 2340 2880 3780 4320 5220 5760 6660 7200 8100 11520 12420 12960 13860 14400 15300 15840 16740 17280 18180 20160
1889 21 0 900 1440 2340 2880 3780 4320 5220 5760 6660 7200 8100 10080 10980 11520 12420 15840 16740 17280 18180 20160
4995 17 0 900 1440 2340 4320 5220 5760 6660 7200 8100 10080 10980 11520 12420 14400 15300 20160
2979 15 0 900 1440 2340 4320 5220 7200 8100 14400 15300 15840 16740 17280 18180 20160
9874 19 0 900 2880 3780 4320 5220 5760 6660 10080 10980 11520 12420 14400 15300 15840 16740 17280 18180 20160
8279 17 0 900 1440 2340 5760 6660 7200 8100 10080 10980 12960 13860 14400 15300 15840 16740 20160
3960 19 2880 3780 4320 5220 5760 6660 7200 8100 10080 10980 11520 12420 12960 13860 15840 16740 17280 18180 20160
5582 23 0 900 1440 2340 2880 3780 4320 5220 5760 6660 7200 8100 11520 12420 12960 13860 14400 15300 15840 16740 17280 18180 20160
7393 15 0 900 1440 2340 2880 3780 4320 5220 7200 8100 12960 13860 14400 15300 20160
8794 19 0 900 1440 2340 2880 3780 5760 6660 7200 8100 10080 10980 12960 13860 15840 16740 17280 18180 20160
9509 15 0 900 1440 2340 7200 8100 12960 13860 14400 15300 15840 16740 17280 18180 20160
6643 17 0 900 2880 3780 4320 5220 5760 6660 10080 10980 12960 13860 15840 16740 17280 18180 20160
7403 19 0 900 1440 2340 2880 3780 5760 6660 7200 8100 10080 10980 12960 13860 15840 16740 17280 18180 20160
4956 19 1440 2340 2880 3780 4320 5220 5760 6660 7200 8100 11520 12420 12960 13860 15840 16740 17280 18180 20160
8658 15 1440 2340 2880 3780 4320 5220 7200 8100 10080 10980 14400 15300 15840 16740 20160
5047 15 0 900 1440 2340 4320 5220 7200 8100 10080 10980 12960 13860 17280 18180 20160
5865 23 0 900 1440 2340 2880 3780 4320 5220 5760 6660 7200 8100 11520 12420 12960 13860 14400 15300 15840 16740 17280 18180 20160
5162 19 0 900 1440 2340 4320 5220 5760 6660 7200 8100 10080 10980 11520 12420 14400 15300 17280 18180 20160
7404 23 0 900 1440 2340 2880 3780 4320 5220 5760 6660 7200 8100 10080 10980 11520 12420 12960 13860 14400 15300 15840 16740 20160
1823 25 0 900 1440 2340 2880 3780 4320 5220 5760 6660 7200 8100 10080 10980 11520 12420 12960 13860 14400 15300 15840 16740 17280 18180 20160
5339 17 0 900 1440 2340 4320 5220 5760 6660 7200 8100 12960 13860 14400 15300 17280 18180 20160
6042 17 4320 5220 5760 6660 7200 8100 10080 10980 11520 12420 12960 13860 15840 16740 17280 18180 20160
5475 21 0 900 1440 2340 4320 5220 5760 6660 10080 10980 11520 12420 12960 13860 14400 15300 15840 16740 17280 18180 20160
1016 13 0 900 1440 2340 7200 8100 10080 10980 12960 13860 14400 15300 20160
9609 19 0 900 1440 2340 2880 3780 5760 6660 11520 12420 12960 13860 14400 15300 15840 16740 17280 18180 20160
9702 17 0 900 4320 5220 5760 6660 7200 8100 11520 12420 12960 13860 14400 15300 17280 18180 20160
1712 21 0 900 1440 2340 2880 3780 4320 5220 7200 8100 11520 12420 12960 13860 14400 15300 15840 16740 17280 18180 20160
5106 19 0 900 2880 3780 4320 5220 5760 6660 10080 10980 12960 13860 14400 15300 15840 16740 17280 18180 20160
1272 15 0 900 1440 2340 2880 3780 4320 5220 5760 6660 11520 12420 12960 13860 20160
5710 21 1440 2340 2880 3780 4320 5220 5760 6660 7200 8100 10080 10980 11520 12420 12960 13860 14400 15300 17280 18180 20160
1631 15 1440 2340 4320 5220 5760 6660 7200 8100 10080 10980 14400 15300 17280 18180 20160
2993 9 0 900 5760 6660 10080 10980 12960 13860 20160
7549 17 1440 2340 5760 6660 7200 8100 11520 12420 12960 13860 14400 15300 15840 16740 17280 18180 20160
7440 19 0 900 1440 2340 2880 3780 4320 5220 5760 6660 7200 8100 10080 10980 11520 12420 15840 16740 20160
5427 21 0 900 1440 2340 4320 5220 5760 6660 7200 8100 10080 10980 11520 12420 12960 13860 14400 15300 17280 18180 20160
4394 21 0 900 2880 3780 4320 5220 5760 6660 7200 8100 10080 10980 11520 12420 12960 13860 14400 15300 17280 18180 20160
8948 19 0 900 2880 3780 4320 5220 5760 6660 7200 8100 11520 12420 12960 13860 14400 15300 17280 18180 20160
rackdeVideo 3
rackdeEndoscopia 1
microscópiOftalmo 1
microscopioNeuro 1
plataformaArgonio 1
mesasTracaoOrtopédica 2
mesasArticuladas 2
perneiraPosicaoGine 1
arcoCirurgico 2
ultrassom 1
303966 1 9609 1 0 4 0 0 180 60 15 0 0000000000 1 1 218 60 15 30 1000000000 2 3 42 60 25 30 0000000000 3 0 2078 60 15 30 0000000000
583952 2 1823 2 0 4 0 0 189 60 15 0 0000000000 1 1 121 60 15 30 1000000100 2 3 57 60 25 30 0000000000 3 0 1639 60 15 30 0000000000
440138 3 7705 2 0 5 0 0 179 60 15 0 0000000000 1 1 157 60 15 30 1100000000 2 2 92 30 20 30 0000000000 3 3 50 60 25 30 0000000000 4 0 1847 60 15 30 0000000000
196797 2 5162 2 1440 4 0 0 177 60 15 0 0000000000 1 1 135 60 15 30 1000000100 2 3 41 60 25 30 0000000000 3 0 1577 60 15 30 0000000000
277012 0 1889 3 0 4 0 0 176 60 15 0 0000000000 1 1 247 60 15 30 0000010000 2 3 50 60 25 30 0000000000 3 0 2472 60 15 30 0000000000
166791 3 6042 2 0 5 0 0 177 60 15 0 0000000000 1 1 157 60 15 30 1100000000 2 2 91 30 20 30 0000000000 3 3 53 60 25 30 0000000000 4 0 1783 60 15 30 0000000000
967819 0 8279 3 0 4 0 0 178 60 15 0 0000000000 1 1 231 60 15 30 0000010000 2 3 53 60 25 30 0000000000 3 0 2503 60 15 30 0000000000
164265 11 1016 1 0 5 0 0 186 60 15 0 0000000000 1 1 264 60 15 30 0100000010 2 2 88 30 20 30 0000000000 3 3 53 60 25 30 0000000000 4 0 3472 60 15 30 0000000000
725972 2 7403 1 0 4 0 0 185 60 15 0 0000000000 1 1 130 60 15 30 1000000100 2 3 62 60 25 30 0000000000 3 0 1568 60 15 30 0000000000
894607 2 5339 1 0 4 0 0 178 60 15 0 0000000000 1 1 131 60 15 30 1000000100 2 3 55 60 25 30 0000000000 3 0 1566 60 15 30 0000000000
427116 11 6079 1 0 5 0 0 174 60 15 0 0000000000 1 1 283 60 15 30 0100000010 2 2 88 30 20 30 0000000000 3 3 53 60 25 30 0000000000 4 0 3362 60 15 30 0000000000
544777 0 2993 3 1440 4 0 0 186 60 15 0 0000000000 1 1 239 60 15 30 0000010000 2 3 49 60 25 30 0000000000 3 0 2510 60 15 30 0000000000
724393 1 1889 3 0 4 0 0 178 60 15 0 0000000000 1 1 199 60 15 30 1000000000 2 3 55 60 25 30 0000000000 3 0 2103 60 15 30 0000000000
822875 0 1889 2 0 4 0 0 175 60 15 0 0000000000 1 1 239 60 15 30 0000010000 2 3 53 60 25 30 0000000000 3 0 2517 60 15 30 0000000000
217115 10 5047 2 0 4 0 0 176 60 15 0 0000000000 1 1 182 60 15 30 0000001000 2 3 41 60 25 30 0000000000 3 0 2235 60 15 30 0000000000
417365 4 7393 2 1440 4 0 0 181 60 15 0 0000000000 1 1 224 60 15 30 0000000010 2 3 60 60 25 30 0000000000 3 0 2709 60 15 30 0000000000
470371 5 4956 1 1440 4 0 0 176 60 15 0 0000000000 1 1 182 60 15 30 1000000000 2 3 48 60 25 30 0000000000 3 0 2296 60 15 30 0000000000
835712 1 7393 3 0 4 0 0 179 60 15 0 0000000000 1 1 235 60 15 30 1000000000 2 3 48 60 25 30 0000000000 3 0 2098 60 15 30 0000000000
102737 0 7987 1 0 4 0 0 174 60 15 0 0000000000 1 1 232 60 15 30 0000010000 2 3 52 60 25 30 0000000000 3 0 2476 60 15 30 0000000000
422521 0 8279 3 0 4 0 0 181 60 15 0 0000000000 1 1 233 60 15 30 0000010000 2 3 50 60 25 30 0000000000 3 0 2551 60 15 30 0000000000
145213 0 5582 1 0 4 0 0 179 60 15 0 0000000000 1 1 231 60 15 30 0000010000 2 3 52 60 25 30 0000000000 3 0 2485 60 15 30 0000000000
281830 1 1823 1 0 4 0 0 178 60 15 0 0000000000 1 1 217 60 15 30 1000000000 2 3 44 60 25 30 0000000000 3 0 2113 60 15 30 0000000000
862571 2 7393 3 0 4 0 0 183 60 15 0 0000000000 1 1 127 60 15 30 1000000100 2 3 46 60 25 30 0000000000 3 0 1586 60 15 30 0000000000
730554 5 1889 2 0 4 0 0 178 60 15 0 0000000000 1 1 201 60 15 30 1000000000 2 3 51 60 25 30 0000000000 3 0 2378 60 15 30 0000000000
340811 4 1272 2 0 4 0 0 184 60 15 0 0000000000 1 1 228 60 15 30 0000000010 2 3 53 60 25 30 0000000000 3 0 2735 60 15 30 0000000000
758199 3 6042 2 0 5 0 0 185 60 15 0 0000000000 1 1 164 60 15 30 1100000000 2 2 103 30 20 30 0000000000 3 3 48 60 25 30 0000000000 4 0 1822 60 15 30 0000000000
240208 0 4956 2 0 4 0 0 183 60 15 0 0000000000 1 1 243 60 15 30 0000010000 2 3 54 60 25 30 0000000000 3 0 2524 60 15 30 0000000000
772543 10 5894 3 0 4 0 0 177 60 15 0 0000000000 1 1 188 60 15 30 0000001000 2 3 50 60 25 30 0000000000 3 0 2186 60 15 30 0000000000
459187 9 7404 3 0 5 0 0 182 60 15 0 0000000000 1 1 274 60 15 30 0000001000 2 2 80 30 20 30 0000000000 3 3 44 60 25 30 0000000000 4 0 3335 60 15 30 0000000000
407874 2 1823 3 0 4 0 0 184 60 15 0 0000000000 1 1 122 60 15 30 1000000100 2 3 49 60 25 30 0000000000 3 0 1616 60 15 30 0000000000
626171 0 1631 1 0 4 0 0 179 60 15 0 0000000000 1 1 230 60 15 30 0000010000 2 3 55 60 25 30 0000000000 3 0 2481 60 15 30 0000000000
779005 0 1272 2 0 4 0 0 185 60 15 0 0000000000 1 1 231 60 15 30 0000010000 2 3 57 60 25 30 0000000000 3 0 2535 60 15 30 0000000000
409133 6 1016 3 0 5 0 0 178 60 15 0 0000000000 1 1 161 60 15 30 0010100000 2 2 84 30 20 30 0000000000 3 3 47 60 25 30 0000000000 4 0 2075 60 15 30 0000000000
889856 1 2993 3 1440 4 0 0 178 60 15 0 0000000000 1 1 204 60 15 30 1000000000 2 3 46 60 25 30 0000000000 3 0 2075 60 15 30 0000000000
139722 0 2979 3 0 4 0 0 177 60 15 0 0000000000 1 1 212 60 15 30 0000010000 2 3 44 60 25 30 0000000000 3 0 2498 60 15 30 0000000000
432151 0 5106 1 0 4 0 0 186 60 15 0 0000000000 1 1 249 60 15 30 0000010000 2 3 51 60 25 30 0000000000 3 0 2547 60 15 30 0000000000
166197 1 1272 3 0 4 0 0 184 60 15 0 0000000000 1 1 193 60 15 30 1000000000 2 3 45 60 25 30 0000000000 3 0 2042 60 15 30 0000000000
420687 10 8279 3 0 4 0 0 186 60 15 0 0000000000 1 1 183 60 15 30 0000001000 2 3 59 60 25 30 0000000000 3 0 2215 60 15 30 0000000000
647950 2 4394 1 0 4 0 0 175 60 15 0 0000000000 1 1 119 60 15 30 1000000100 2 3 52 60 25 30 0000000000 3 0 1606 60 15 30 0000000000
534270 6 7011 3 0 5 0 0 185 60 15 0 0000000000 1 1 162 60 15 30 0010100000 2 2 88 30 20 30 0000000000 3 3 46 60 25 30 0000000000 4 0 2088 60 15 30 0000000000
376283 1 4956 1 0 4 0 0 181 60 15 0 0000000000 1 1 211 60 15 30 1000000000 2 3 51 60 25 30 0000000000 3 0 2152 60 15 30 0000000000
915254 6 1631 1 1440 5 0 0 176 60 15 0 0000000000 1 1 177 60 15 30 0010100000 2 2 93 30 20 30 0000000000 3 3 47 60 25 30 0000000000 4 0 2022 60 15 30 0000000000
175269 4 6079 1 0 4 0 0 183 60 15 0 0000000000 1 1 239 60 15 30 0000000010 2 3 53 60 25 30 0000000000 3 0 2701 60 15 30 0000000000
929653 1 7404 3 0 4 0 0 177 60 15 0 0000000000 1 1 212 60 15 30 1000000000 2 3 51 60 25 30 0000000000 3 0 2069 60 15 30 0000000000
563155 8 9874 1 0 4 0 0 183 60 15 0 0000000000 1 1 223 60 15 30 0000000011 2 3 48 60 25 30 0000000000 3 0 2564 60 15 30 0000000000
479363 2 8794 3 1440 4 0 0 180 60 15 0 0000000000 1 1 138 60 15 30 1000000100 2 3 42 60 25 30 0000000000 3 0 1616 60 15 30 0000000000
848150 3 3187 2 1440 5 0 0 180 60 15 0 0000000000 1 1 142 60 15 30 1100000000 2 2 88 30 20 30 0000000000 3 3 36 60 25 30 0000000000 4 0 1859 60 15 30 0000000000
916981 5 1889 1 0 4 0 0 183 60 15 0 0000000000 1 1 193 60 15 30 1000000000 2 3 52 60 25 30 0000000000 3 0 2317 60 15 30 0000000000
309527 2 8948 1 0 4 0 0 185 60 15 0 0000000000 1 1 118 60 15 30 1000000100 2 3 50 60 25 30 0000000000 3 0 1614 60 15 30 0000000000
243283 3 1631 1 0 5 0 0 189 60 15 0 0000000000 1 1 151 60 15 30 1100000000 2 2 85 30 20 30 0000000000 3 3 43 60 25 30 0000000000 4 0 1841 60 15 30 0000000000
338223 1 4394 1 0 4 0 0 181 60 15 0 0000000000 1 1 213 60 15 30 1000000000 2 3 52 60 25 30 0000000000 3 0 2151 60 15 30 0000000000
752918 2 7549 1 0 4 0 0 186 60 15 0 0000000000 1 1 123 60 15 30 1000000100 2 3 47 60 25 30 0000000000 3 0 1590 60 15 30 0000000000
562931 3 9874 2 1440 5 0 0 174 60 15 0 0000000000 1 1 151 60 15 30 1100000000 2 2 92 30 20 30 0000000000 3 3 51 60 25 30 0000000000 4 0 1819 60 15 30 0000000000
792680 0 5427 3 0 4 0 0 181 60 15 0 0000000000 1 1 219 60 15 30 0000010000 2 3 53 60 25 30 0000000000 3 0 2480 60 15 30 0000000000
629286 2 5475 2 1440 4 0 0 176 60 15 0 0000000000 1 1 126 60 15 30 1000000100 2 3 53 60 25 30 0000000000 3 0 1600 60 15 30 0000000000
882000 0 7987 1 0 4 0 0 177 60 15 0 0000000000 1 1 219 60 15 30 0000010000 2 3 47 60 25 30 0000000000 3 0 2507 60 15 30 0000000000
118288 1 5582 1 0 4 0 0 178 60 15 0 0000000000 1 1 233 60 15 30 1000000000 2 3 45 60 25 30 0000000000 3 0 2062 60 15 30 0000000000
339138 1 1889 3 0 4 0 0 176 60 15 0 0000000000 1 1 228 60 15 30 1000000000 2 3 56 60 25 30 0000000000 3 0 2113 60 15 30 0000000000
861642 7 5894 2 0 4 0 0 182 60 15 0 0000000000 1 1 199 60 15 30 0001000000 2 3 58 60 25 30 0000000000 3 0 2622 60 15 30 0000000000
253824 3 9609 1 0 5 0 0 181 60 15 0 0000000000 1 1 149 60 15 30 1100000000 2 2 97 30 20 30 0000000000 3 3 35 60 25 30 0000000000 4 0 1852 60 15 30 0000000000
940312 5 4394 1 0 4 0 0 178 60 15 0 0000000000 1 1 188 60 15 30 1000000000 2 3 52 60 25 30 0000000000 3 0 2328 60 15 30 0000000000
432637 3 9874 3 0 5 0 0 182 60 15 0 0000000000 1 1 142 60 15 30 1100000000 2 2 85 30 20 30 0000000000 3 3 48 60 25 30 0000000000 4 0 1863 60 15 30 0000000000
952994 1 3187 1 0 4 0 0 174 60 15 0 0000000000 1 1 225 60 15 30 1000000000 2 3 49 60 25 30 0000000000 3 0 2062 60 15 30 0000000000
313814 0 9874 2 0 4 0 0 178 60 15 0 0000000000 1 1 243 60 15 30 0000010000 2 3 46 60 25 30 0000000000 3 0 2514 60 15 30 0000000000
189045 2 1823 1 0 4 0 0 180 60 15 0 0000000000 1 1 115 60 15 30 1000000100 2 3 48 60 25 30 0000000000 3 0 1599 60 15 30 0000000000
762039 4 7987 1 0 4 0 0 179 60 15 0 0000000000 1 1 225 60 15 30 0000000010 2 3 49 60 25 30 0000000000 3 0 2695 60 15 30 0000000000
259743 1 7549 1 1440 4 0 0 181 60 15 0 0000000000 1 1 210 60 15 30 1000000000 2 3 49 60 25 30 0000000000 3 0 2104 60 15 30 0000000000
313548 0 5865 3 1440 4 0 0 177 60 15 0 0000000000 1 1 213 60 15 30 0000010000 2 3 48 60 25 30 0000000000 3 0 2501 60 15 30 0000000000
674563 2 6643 2 0 4 0 0 173 60 15 0 0000000000 1 1 140 60 15 30 1000000100 2 3 39 60 25 30 0000000000 3 0 1574 60 15 30 0000000000
174131 10 1889 1 0 4 0 0 182 60 15 0 0000000000 1 1 223 60 15 30 0000001000 2 3 61 60 25 30 0000000000 3 0 2170 60 15 30 0000000000
969646 0 4995 1 0 4 0 0 186 60 15 0 0000000000 1 1 222 60 15 30 0000010000 2 3 48 60 25 30 0000000000 3 0 2517 60 15 30 0000000000
276444 3 3187 2 0 5 0 0 180 60 15 0 0000000000 1 1 146 60 15 30 1100000000 2 2 75 30 20 30 0000000000 3 3 52 60 25 30 0000000000 4 0 1885 60 15 30 0000000000
856397 0 9874 1 0 4 0 0 177 60 15 0 0000000000 1 1 224 60 15 30 0000010000 2 3 52 60 25 30 0000000000 3 0 2514 60 15 30 0000000000
916658 5 7393 1 0 4 0 0 184 60 15 0 0000000000 1 1 182 60 15 30 1000000000 2 3 61 60 25 30 0000000000 3 0 2326 60 15 30 0000000000
299950 0 1712 2 0 4 0 0 180 60 15 0 0000000000 1 1 209 60 15 30 0000010000 2 3 54 60 25 30 0000000000 3 0 2487 60 15 30 0000000000
252311 1 7987 2 0 4 0 0 184 60 15 0 0000000000 1 1 214 60 15 30 1000000000 2 3 49 60 25 30 0000000000 3 0 2109 60 15 30 0000000000
813714 2 5339 2 1440 4 0 0 177 60 15 0 0000000000 1 1 113 60 15 30 1000000100 2 3 51 60 25 30 0000000000 3 0 1644 60 15 30 0000000000
545760 1 5339 1 0 4 0 0 169 60 15 0 0000000000 1 1 213 60 15 30 1000000000 2 3 48 60 25 30 0000000000 3 0 2078 60 15 30 0000000000
565655 1 5582 1 0 4 0 0 184 60 15 0 0000000000 1 1 232 60 15 30 1000000000 2 3 58 60 25 30 0000000000 3 0 2153 60 15 30 0000000000
600851 1 5582 2 0 4 0 0 174 60 15 0 0000000000 1 1 216 60 15 30 1000000000 2 3 43 60 25 30 0000000000 3 0 2124 60 15 30 0000000000
375429 1 4853 3 0 4 0 0 187 60 15 0 0000000000 1 1 217 60 15 30 1000000000 2 3 49 60 25 30 0000000000 3 0 2107 60 15 30 0000000000
792754 2 8658 1 0 4 0 0 181 60 15 0 0000000000 1 1 118 60 15 30 1000000100 2 3 54 60 25 30 0000000000 3 0 1560 60 15 30 0000000000
955660 1 1889 3 1440 4 0 0 184 60 15 0 0000000000 1 1 203 60 15 30 1000000000 2 3 54 60 25 30 0000000000 3 0 2067 60 15 30 0000000000
304870 11 6042 1 0 5 0 0 180 60 15 0 0000000000 1 1 283 60 15 30 0100000010 2 2 93 30 20 30 0000000000 3 3 49 60 25 30 0000000000 4 0 3363 60 15 30 0000000000
412997 6 5427 1 0 5 0 0 181 60 15 0 0000000000 1 1 165 60 15 30 0010100000 2 2 90 30 20 30 0000000000 3 3 48 60 25 30 0000000000 4 0 2030 60 15 30 0000000000
146573 8 2979 1 0 4 0 0 179 60 15 0 0000000000 1 1 218 60 15 30 0000000011 2 3 51 60 25 30 0000000000 3 0 2591 60 15 30 0000000000
810687 1 5475 1 0 4 0 0 184 60 15 0 0000000000 1 1 216 60 15 30 1000000000 2 3 58 60 25 30 0000000000 3 0 2120 60 15 30 0000000000
230727 2 5865 1 1440 4 0 0 179 60 15 0 0000000000 1 1 133 60 15 30 1000000100 2 3 54 60 25 30 0000000000 3 0 1604 60 15 30 0000000000
190975 8 9702 3 1440 4 0 0 185 60 15 0 0000000000 1 1 199 60 15 30 0000000011 2 3 57 60 25 30 0000000000 3 0 2625 60 15 30 0000000000
431897 2 8794 2 0 4 0 0 179 60 15 0 0000000000 1 1 138 60 15 30 1000000100 2 3 48 60 25 30 0000000000 3 0 1590 60 15 30 0000000000
345959 3 1823 2 0 5 0 0 171 60 15 0 0000000000 1 1 151 60 15 30 1100000000 2 2 84 30 20 30 0000000000 3 3 51 60 25 30 0000000000 4 0 1833 60 15 30 0000000000
257370 6 7440 1 0 5 0 0 181 60 15 0 0000000000 1 1 163 60 15 30 0010100000 2 2 94 30 20 30 0000000000 3 3 49 60 25 30 0000000000 4 0 2034 60 15 30 0000000000
672018 6 1016 3 0 5 0 0 186 60 15 0 0000000000 1 1 173 60 15 30 0010100000 2 2 101 30 20 30 0000000000 3 3 51 60 25 30 0000000000 4 0 2074 60 15 30 0000000000
915798 0 8658 3 1440 4 0 0 180 60 15 0 0000000000 1 1 223 60 15 30 0000010000 2 3 56 60 25 30 0000000000 3 0 2502 60 15 30 0000000000
137711 5 5475 3 0 4 0 0 175 60 15 0 0000000000 1 1 177 60 15 30 1000000000 2 3 54 60 25 30 0000000000 3 0 2296 60 15 30 0000000000
248611 10 9509 1 0 4 0 0 186 60 15 0 0000000000 1 1 180 60 15 30 0000001000 2 3 50 60 25 30 0000000000 3 0 2227 60 15 30 0000000000
864321 1 7549 2 0 4 0 0 185 60 15 0 0000000000 1 1 242 60 15 30 1000000000 2 3 44 60 25 30 0000000000 3 0 2066 60 15 30 0000000000
942676 6 5894 1 0 5 0 0 180 60 15 0 0000000000 1 1 156 60 15 30 0010100000 2 2 94 30 20 30 0000000000 3 3 49 60 25 30 0000000000 4 0 2032 60 15 30 0000000000
104469 2 5582 2 1440 4 0 0 178 60 15 0 0000000000 1 1 136 60 15 30 1000000100 2 3 44 60 25 30 0000000000 3 0 1609 60 15 30 0000000000
584661 2 9874 3 1440 4 0 0 179 60 15 0 0000000000 1 1 129 60 15 30 1000000100 2 3 35 60 25 30 0000000000 3 0 1599 60 15 30 0000000000
976617 5 1889 2 0 4 0 0 186 60 15 0 0000000000 1 1 186 60 15 30 1000000000 2 3 50 60 25 30 0000000000 3 0 2325 60 15 30 0000000000
959852 1 5047 3 0 4 0 0 174 60 15 0 0000000000 1 1 204 60 15 30 1000000000 2 3 57 60 25 30 0000000000 3 0 2058 60 15 30 0000000000
402894 2 1889 2 0 4 0 0 177 60 15 0 0000000000 1 1 109 60 15 30 1000000100 2 3 50 60 25 30 0000000000 3 0 1622 60 15 30 0000000000
423591 10 1712 1 0 4 0 0 174 60 15 0 0000000000 1 1 177 60 15 30 0000001000 2 3 45 60 25 30 0000000000 3 0 2305 60 15 30 0000000000
184936 0 7393 3 0 4 0 0 179 60 15 0 0000000000 1 1 234 60 15 30 0000010000 2 3 52 60 25 30 0000000000 3 0 2550 60 15 30 0000000000
758018 2 9609 2 0 4 0 0 176 60 15 0 0000000000 1 1 138 60 15 30 1000000100 2 3 43 60 25 30 0000000000 3 0 1614 60 15 30 0000000000
313261 1 6042 1 0 4 0 0 178 60 15 0 0000000000 1 1 216 60 15 30 1000000000 2 3 57 60 25 30 0000000000 3 0 2131 60 15 30 0000000000
498445 2 8948 1 0 4 0 0 184 60 15 0 0000000000 1 1 119 60 15 30 1000000100 2 3 51 60 25 30 0000000000 3 0 1627 60 15 30 0000000000
275326 4 9509 1 0 4 0 0 178 60 15 0 0000000000 1 1 207 60 15 30 0000000010 2 3 40 60 25 30 0000000000 3 0 2613 60 15 30 0000000000
127509 6 4394 3 1440 5 0 0 185 60 15 0 0000000000 1 1 180 60 15 30 0010100000 2 2 79 30 20 30 0000000000 3 3 53 60 25 30 0000000000 4 0 2028 60 15 30 0000000000
320617 0 5894 1 1440 4 0 0 177 60 15 0 0000000000 1 1 219 60 15 30 0000010000 2 3 45 60 25 30 0000000000 3 0 2491 60 15 30 0000000000
881659 3 5894 2 1440 5 0 0 183 60 15 0 0000000000 1 1 152 60 15 30 1100000000 2 2 86 30 20 30 0000000000 3 3 48 60 25 30 0000000000 4 0 1896 60 15 30 0000000000
928145 0 5475 2 0 4 0 0 181 60 15 0 0000000000 1 1 221 60 15 30 0000010000 2 3 44 60 25 30 0000000000 3 0 2535 60 15 30 0000000000
515961 1 1823 2 0 4 0 0 183 60 15 0 0000000000 1 1 226 60 15 30 1000000000 2 3 54 60 25 30 0000000000 3 0 2054 60 15 30 0000000000
194262 0 5047 3 0 4 0 0 183 60 15 0 0000000000 1 1 234 60 15 30 0000010000 2 3 52 60 25 30 0000000000 3 0 2506 60 15 30 0000000000
832221 11 7393 2 0 5 0 0 182 60 15 0 0000000000 1 1 293 60 15 30 0100000010 2 2 90 30 20 30 0000000000 3 3 54 60 25 30 0000000000 4 0 3382 60 15 30 0000000000
500735 1 7987 1 0 4 0 0 181 60 15 0 0000000000 1 1 203 60 15 30 1000000000 2 3 59 60 25 30 0000000000 3 0 2052 60 15 30 0000000000
357253 7 3960 2 0 4 0 0 177 60 15 0 0000000000 1 1 241 60 15 30 0001000000 2 3 48 60 25 30 0000000000 3 0 2601 60 15 30 0000000000
12310 0 0
12311 0 0
14177 0 0
16960 0 0
16354 0 0
14734 0 0
10051 0 0
13377 0 0
18539 0 1440
15095 0 1440
11005 0 1440
18239 0 1440
17858 0 0
13662 0 1440
16350 0 0
16134 0 0
13976 0 0
17866 0 0
10572 0 0
18629 0 0
12208 0 0
12868 0 0
11941 0 0
19189 0 0
17304 0 0
14730 0 0
10129 0 0
13814 0 0
15201 0 0
15594 0 1440
18714 0 0
17022 0 0
14061 0 1440
13420 0 0
13593 0 0
17203 0 0
13227 0 0
10314 0 1440
18045 0 1440
18490 0 1440
18732 0 0
16739 0 1440
18733 0 0
23932 1 101110111010 21 0 900 1440 2340 2880 3780 4320 5220 5760 6660 10080 10980 11520 12420 12960 13860 14400 15300 15840 16740 20160
42962 1 011111111111 23 0 900 1440 2340 2880 3780 4320 5220 5760 6660 10080 10980 11520 12420 12960 13860 14400 15300 15840 16740 17380 17980 20160
20472 1 010111111101 21 0 900 1440 2340 2880 3780 4320 5220 5760 6660 10080 10980 11520 12420 12960 13860 14400 15300 15840 16740 20160
26549 1 011111001111 21 0 900 1440 2340 2880 3780 4320 5220 5760 6660 10080 10980 11520 12420 12960 13860 14400 15300 15840 16740 20160
35036 1 101100111110 23 0 900 1440 2340 2880 3780 4320 5220 5760 6660 10080 10980 11520 12420 12960 13860 14400 15300 15840 16740 17380 17980 20160
68532 2 1 0
52921 2 1 0
67969 2 1 0
68405 2 1 0
97248 3 1 0
99700 3 1 0
77875 3 1 0
83766 3 1 0
85622 3 1 0
