28 133 87 12 10
2953 11 4320 5220 5760 6660 10080 10980 15840 16740 17280 18180 20160
6287 9 5760 6660 10080 10980 14400 15300 17280 18180 20160
8621 19 0 900 1440 2340 2880 3780 5760 6660 7200 8100 10080 10980 12960 13860 14400 15300 15840 16740 20160
1224 15 0 900 4320 5220 5760 6660 7200 8100 11520 12420 14400 15300 15840 16740 20160
4062 9 4320 5220 5760 6660 7200 8100 12960 13860 20160
6977 17 1440 2340 5760 6660 7200 8100 10080 10980 11520 12420 12960 13860 14400 15300 15840 16740 20160
8459 21 0 900 4320 5220 5760 6660 7200 8100 10080 10980 11520 12420 12960 13860 14400 15300 15840 16740 17280 18180 20160
3025 19 0 900 1440 2340 2880 3780 4320 5220 7200 8100 11520 12420 14400 15300 15840 16740 17280 18180 20160
2276 15 1440 2340 2880 3780 4320 5220 10080 10980 12960 13860 14400 15300 17280 18180 20160
7148 21 0 900 1440 2340 2880 3780 4320 5220 7200 8100 11520 12420 12960 13860 14400 15300 15840 16740 17280 18180 20160
4821 19 0 900 1440 2340 5760 6660 7200 8100 10080 10980 11520 12420 12960 13860 14400 15300 17280 18180 20160
6058 13 0 900 2880 3780 4320 5220 5760 6660 10080 10980 12960 13860 20160
8797 21 1440 2340 2880 3780 4320 5220 5760 6660 7200 8100 10080 10980 11520 12420 12960 13860 14400 15300 17280 18180 20160
1038 11 1440 2340 2880 3780 12960 13860 14400 15300 17280 18180 20160
6565 15 5760 6660 7200 8100 11520 12420 12960 13860 14400 15300 15840 16740 17280 18180 20160
4679 17 0 900 2880 3780 7200 8100 11520 12420 12960 13860 14400 15300 15840 16740 17280 18180 20160
2615 17 0 900 1440 2340 2880 3780 5760 6660 7200 8100 12960 13860 15840 16740 17280 18180 20160
9844 15 0 900 2880 3780 4320 5220 5760 6660 7200 8100 14400 15300 15840 16740 20160
7555 15 7200 8100 10080 10980 11520 12420 12960 13860 14400 15300 15840 16740 17280 18180 20160
5199 17 1440 2340 4320 5220 7200 8100 10080 10980 11520 12420 12960 13860 15840 16740 17280 18180 20160
3115 15 0 900 2880 3780 5760 6660 11520 12420 14400 15300 15840 16740 17280 18180 20160
3462 21 0 900 1440 2340 2880 3780 4320 5220 5760 6660 10080 10980 11520 12420 12960 13860 14400 15300 15840 16740 20160
2901 19 1440 2340 2880 3780 5760 6660 7200 8100 11520 12420 12960 13860 14400 15300 15840 16740 17280 18180 20160
5750 17 0 900 1440 2340 2880 3780 4320 5220 7200 8100 12960 13860 14400 15300 17280 18180 20160
5765 15 0 900 2880 3780 4320 5220 5760 6660 10080 10980 11520 12420 12960 13860 20160
1529 17 0 900 2880 3780 4320 5220 7200 8100 11520 12420 12960 13860 15840 16740 17280 18180 20160
6060 15 0 900 1440 2340 2880 3780 4320 5220 5760 6660 7200 8100 12960 13860 20160
6943 21 0 900 1440 2340 4320 5220 5760 6660 10080 10980 11520 12420 12960 13860 14400 15300 15840 16740 17280 18180 20160
rackdeVideo 3
rackdeEndoscopia 1
microscópiOftalmo 1
microscopioNeuro 1
plataformaArgonio 1
mesasTracaoOrtopédica 2
mesasArticuladas 2
perneiraPosicaoGine 1
arcoCirurgico 2
ultrassom 1
575368 0 2276 2 0 4 0 0 182 60 15 0 0000000000 1 1 249 60 15 30 0000010000 2 3 48 60 25 30 0000000000 3 0 2518 60 15 30 0000000000
851959 2 8797 3 0 4 0 0 176 60 15 0 0000000000 1 1 121 60 15 30 1000000100 2 3 39 60 25 30 0000000000 3 0 1611 60 15 30 0000000000
324669 5 5750 3 1440 4 0 0 178 60 15 0 0000000000 1 1 174 60 15 30 1000000000 2 3 49 60 25 30 0000000000 3 0 2268 60 15 30 0000000000
518002 8 5199 3 1440 4 0 0 178 60 15 0 0000000000 1 1 215 60 15 30 0000000011 2 3 50 60 25 30 0000000000 3 0 2580 60 15 30 0000000000
421624 0 8621 3 0 4 0 0 174 60 15 0 0000000000 1 1 227 60 15 30 0000010000 2 3 58 60 25 30 0000000000 3 0 2548 60 15 30 0000000000
851901 2 2615 2 0 4 0 0 182 60 15 0 0000000000 1 1 119 60 15 30 1000000100 2 3 54 60 25 30 0000000000 3 0 1620 60 15 30 0000000000
250059 4 8459 2 0 4 0 0 174 60 15 0 0000000000 1 1 221 60 15 30 0000000010 2 3 40 60 25 30 0000000000 3 0 2696 60 15 30 0000000000
208035 1 3025 1 0 4 0 0 183 60 15 0 0000000000 1 1 203 60 15 30 1000000000 2 3 49 60 25 30 0000000000 3 0 2057 60 15 30 0000000000
353457 4 8621 2 0 4 0 0 181 60 15 0 0000000000 1 1 243 60 15 30 0000000010 2 3 55 60 25 30 0000000000 3 0 2728 60 15 30 0000000000
645116 5 8621 2 0 4 0 0 181 60 15 0 0000000000 1 1 190 60 15 30 1000000000 2 3 45 60 25 30 0000000000 3 0 2370 60 15 30 0000000000
555323 2 6977 2 0 4 0 0 182 60 15 0 0000000000 1 1 131 60 15 30 1000000100 2 3 57 60 25 30 0000000000 3 0 1553 60 15 30 0000000000
892971 2 6060 1 0 4 0 0 175 60 15 0 0000000000 1 1 138 60 15 30 1000000100 2 3 45 60 25 30 0000000000 3 0 1588 60 15 30 0000000000
745915 3 2953 1 0 5 0 0 175 60 15 0 0000000000 1 1 145 60 15 30 1100000000 2 2 94 30 20 30 0000000000 3 3 51 60 25 30 0000000000 4 0 1893 60 15 30 0000000000
922650 2 7555 3 1440 4 0 0 187 60 15 0 0000000000 1 1 128 60 15 30 1000000100 2 3 50 60 25 30 0000000000 3 0 1606 60 15 30 0000000000
897249 0 1224 1 0 4 0 0 182 60 15 0 0000000000 1 1 239 60 15 30 0000010000 2 3 46 60 25 30 0000000000 3 0 2481 60 15 30 0000000000
845993 2 6977 1 0 4 0 0 178 60 15 0 0000000000 1 1 149 60 15 30 1000000100 2 3 48 60 25 30 0000000000 3 0 1561 60 15 30 0000000000
876218 6 6287 3 1440 5 0 0 186 60 15 0 0000000000 1 1 173 60 15 30 0010100000 2 2 89 30 20 30 0000000000 3 3 54 60 25 30 0000000000 4 0 2077 60 15 30 0000000000
198077 0 5765 1 0 4 0 0 179 60 15 0 0000000000 1 1 266 60 15 30 0000010000 2 3 52 60 25 30 0000000000 3 0 2530 60 15 30 0000000000
404409 1 6943 1 0 4 0 0 183 60 15 0 0000000000 1 1 218 60 15 30 1000000000 2 3 58 60 25 30 0000000000 3 0 2074 60 15 30 0000000000
746845 7 4821 2 0 4 0 0 178 60 15 0 0000000000 1 1 218 60 15 30 0001000000 2 3 50 60 25 30 0000000000 3 0 2681 60 15 30 0000000000
671898 7 6943 1 0 4 0 0 183 60 15 0 0000000000 1 1 207 60 15 30 0001000000 2 3 49 60 25 30 0000000000 3 0 2645 60 15 30 0000000000
394637 9 3025 3 1440 5 0 0 176 60 15 0 0000000000 1 1 273 60 15 30 0000001000 2 2 69 30 20 30 0000000000 3 3 51 60 25 30 0000000000 4 0 3347 60 15 30 0000000000
931794 0 5199 1 1440 4 0 0 179 60 15 0 0000000000 1 1 226 60 15 30 0000010000 2 3 60 60 25 30 0000000000 3 0 2565 60 15 30 0000000000
916104 1 1224 1 0 4 0 0 174 60 15 0 0000000000 1 1 215 60 15 30 1000000000 2 3 47 60 25 30 0000000000 3 0 2144 60 15 30 0000000000
656049 2 8797 2 0 4 0 0 182 60 15 0 0000000000 1 1 144 60 15 30 1000000100 2 3 48 60 25 30 0000000000 3 0 1593 60 15 30 0000000000
188682 2 4062 3 0 4 0 0 180 60 15 0 0000000000 1 1 122 60 15 30 1000000100 2 3 52 60 25 30 0000000000 3 0 1611 60 15 30 0000000000
952948 10 2615 3 0 4 0 0 168 60 15 0 0000000000 1 1 202 60 15 30 0000001000 2 3 47 60 25 30 0000000000 3 0 2193 60 15 30 0000000000
838216 6 3025 2 0 5 0 0 180 60 15 0 0000000000 1 1 170 60 15 30 0010100000 2 2 81 30 20 30 0000000000 3 3 39 60 25 30 0000000000 4 0 2047 60 15 30 0000000000
807174 3 5199 1 0 5 0 0 173 60 15 0 0000000000 1 1 152 60 15 30 1100000000 2 2 75 30 20 30 0000000000 3 3 49 60 25 30 0000000000 4 0 1892 60 15 30 0000000000
851336 8 4062 3 0 4 0 0 182 60 15 0 0000000000 1 1 218 60 15 30 0000000011 2 3 51 60 25 30 0000000000 3 0 2581 60 15 30 0000000000
847478 2 6058 2 0 4 0 0 183 60 15 0 0000000000 1 1 130 60 15 30 1000000100 2 3 50 60 25 30 0000000000 3 0 1603 60 15 30 0000000000
293396 0 1529 3 0 4 0 0 181 60 15 0 0000000000 1 1 242 60 15 30 0000010000 2 3 56 60 25 30 0000000000 3 0 2488 60 15 30 0000000000
163991 4 1038 3 1440 4 0 0 176 60 15 0 0000000000 1 1 225 60 15 30 0000000010 2 3 35 60 25 30 0000000000 3 0 2715 60 15 30 0000000000
703885 4 9844 3 0 4 0 0 182 60 15 0 0000000000 1 1 229 60 15 30 0000000010 2 3 50 60 25 30 0000000000 3 0 2671 60 15 30 0000000000
154722 4 7148 3 0 4 0 0 182 60 15 0 0000000000 1 1 229 60 15 30 0000000010 2 3 59 60 25 30 0000000000 3 0 2749 60 15 30 0000000000
171974 5 7555 1 0 4 0 0 181 60 15 0 0000000000 1 1 199 60 15 30 1000000000 2 3 51 60 25 30 0000000000 3 0 2352 60 15 30 0000000000
402228 2 2953 1 0 4 0 0 182 60 15 0 0000000000 1 1 113 60 15 30 1000000100 2 3 54 60 25 30 0000000000 3 0 1575 60 15 30 0000000000
191564 1 9844 2 0 4 0 0 184 60 15 0 0000000000 1 1 224 60 15 30 1000000000 2 3 51 60 25 30 0000000000 3 0 2089 60 15 30 0000000000
676875 4 6060 1 0 4 0 0 182 60 15 0 0000000000 1 1 225 60 15 30 0000000010 2 3 51 60 25 30 0000000000 3 0 2744 60 15 30 0000000000
234634 2 7148 3 0 4 0 0 180 60 15 0 0000000000 1 1 119 60 15 30 1000000100 2 3 52 60 25 30 0000000000 3 0 1577 60 15 30 0000000000
190216 3 4821 2 1440 5 0 0 178 60 15 0 0000000000 1 1 164 60 15 30 1100000000 2 2 91 30 20 30 0000000000 3 3 44 60 25 30 0000000000 4 0 1873 60 15 30 0000000000
205369 5 6565 2 0 4 0 0 185 60 15 0 0000000000 1 1 184 60 15 30 1000000000 2 3 52 60 25 30 0000000000 3 0 2377 60 15 30 0000000000
778264 0 6977 1 0 4 0 0 180 60 15 0 0000000000 1 1 241 60 15 30 0000010000 2 3 49 60 25 30 0000000000 3 0 2503 60 15 30 0000000000
306553 3 5199 1 0 5 0 0 182 60 15 0 0000000000 1 1 153 60 15 30 1100000000 2 2 91 30 20 30 0000000000 3 3 56 60 25 30 0000000000 4 0 1917 60 15 30 0000000000
354332 1 4679 2 0 4 0 0 178 60 15 0 0000000000 1 1 209 60 15 30 1000000000 2 3 39 60 25 30 0000000000 3 0 2136 60 15 30 0000000000
696070 6 1224 2 0 5 0 0 177 60 15 0 0000000000 1 1 183 60 15 30 0010100000 2 2 89 30 20 30 0000000000 3 3 54 60 25 30 0000000000 4 0 2103 60 15 30 0000000000
950354 1 2276 3 0 4 0 0 177 60 15 0 0000000000 1 1 208 60 15 30 1000000000 2 3 44 60 25 30 0000000000 3 0 2094 60 15 30 0000000000
848628 1 2901 1 0 4 0 0 187 60 15 0 0000000000 1 1 232 60 15 30 1000000000 2 3 46 60 25 30 0000000000 3 0 2098 60 15 30 0000000000
992963 1 2953 3 0 4 0 0 181 60 15 0 0000000000 1 1 217 60 15 30 1000000000 2 3 44 60 25 30 0000000000 3 0 2060 60 15 30 0000000000
534818 3 6287 1 0 5 0 0 172 60 15 0 0000000000 1 1 157 60 15 30 1100000000 2 2 92 30 20 30 0000000000 3 3 66 60 25 30 0000000000 4 0 1867 60 15 30 0000000000
818691 5 2953 1 0 4 0 0 176 60 15 0 0000000000 1 1 192 60 15 30 1000000000 2 3 49 60 25 30 0000000000 3 0 2311 60 15 30 0000000000
646888 3 9844 1 0 5 0 0 179 60 15 0 0000000000 1 1 150 60 15 30 1100000000 2 2 89 30 20 30 0000000000 3 3 44 60 25 30 0000000000 4 0 1857 60 15 30 0000000000
378115 1 5199 1 0 4 0 0 180 60 15 0 0000000000 1 1 216 60 15 30 1000000000 2 3 50 60 25 30 0000000000 3 0 2051 60 15 30 0000000000
271045 6 8621 1 0 5 0 0 182 60 15 0 0000000000 1 1 180 60 15 30 0010100000 2 2 83 30 20 30 0000000000 3 3 53 60 25 30 0000000000 4 0 2051 60 15 30 0000000000
995478 0 9844 1 1440 4 0 0 183 60 15 0 0000000000 1 1 234 60 15 30 0000010000 2 3 51 60 25 30 0000000000 3 0 2510 60 15 30 0000000000
865169 0 7555 2 0 4 0 0 179 60 15 0 0000000000 1 1 234 60 15 30 0000010000 2 3 59 60 25 30 0000000000 3 0 2529 60 15 30 0000000000
949107 8 6060 2 0 4 0 0 175 60 15 0 0000000000 1 1 206 60 15 30 0000000011 2 3 59 60 25 30 0000000000 3 0 2507 60 15 30 0000000000
820322 4 5750 1 0 4 0 0 181 60 15 0 0000000000 1 1 227 60 15 30 0000000010 2 3 46 60 25 30 0000000000 3 0 2700 60 15 30 0000000000
427428 6 6287 2 0 5 0 0 174 60 15 0 0000000000 1 1 165 60 15 30 0010100000 2 2 97 30 20 30 0000000000 3 3 44 60 25 30 0000000000 4 0 2006 60 15 30 0000000000
215243 5 6977 2 0 4 0 0 181 60 15 0 0000000000 1 1 192 60 15 30 1000000000 2 3 51 60 25 30 0000000000 3 0 2325 60 15 30 0000000000
610731 2 7555 3 0 4 0 0 179 60 15 0 0000000000 1 1 132 60 15 30 1000000100 2 3 58 60 25 30 0000000000 3 0 1586 60 15 30 0000000000
103911 1 1529 2 0 4 0 0 183 60 15 0 0000000000 1 1 205 60 15 30 1000000000 2 3 54 60 25 30 0000000000 3 0 2143 60 15 30 0000000000
655041 5 6058 3 0 4 0 0 185 60 15 0 0000000000 1 1 216 60 15 30 1000000000 2 3 60 60 25 30 0000000000 3 0 2385 60 15 30 0000000000
230430 0 5750 3 0 4 0 0 180 60 15 0 0000000000 1 1 237 60 15 30 0000010000 2 3 46 60 25 30 0000000000 3 0 2458 60 15 30 0000000000
859213 2 8621 3 0 4 0 0 176 60 15 0 0000000000 1 1 123 60 15 30 1000000100 2 3 50 60 25 30 0000000000 3 0 1601 60 15 30 0000000000
705319 10 4062 2 0 4 0 0 175 60 15 0 0000000000 1 1 155 60 15 30 0000001000 2 3 35 60 25 30 0000000000 3 0 2205 60 15 30 0000000000
619756 5 5199 3 0 4 0 0 174 60 15 0 0000000000 1 1 189 60 15 30 1000000000 2 3 52 60 25 30 0000000000 3 0 2323 60 15 30 0000000000
330501 3 1529 1 0 5 0 0 176 60 15 0 0000000000 1 1 145 60 15 30 1100000000 2 2 91 30 20 30 0000000000 3 3 48 60 25 30 0000000000 4 0 1831 60 15 30 0000000000
999946 5 1529 2 0 4 0 0 180 60 15 0 0000000000 1 1 197 60 15 30 1000000000 2 3 41 60 25 30 0000000000 3 0 2349 60 15 30 0000000000
170369 9 4062 3 0 5 0 0 185 60 15 0 0000000000 1 1 283 60 15 30 0000001000 2 2 108 30 20 30 0000000000 3 3 42 60 25 30 0000000000 4 0 3325 60 15 30 0000000000
179654 1 5765 3 1440 4 0 0 179 60 15 0 0000000000 1 1 217 60 15 30 1000000000 2 3 52 60 25 30 0000000000 3 0 2149 60 15 30 0000000000
812377 2 1224 3 0 4 0 0 188 60 15 0 0000000000 1 1 116 60 15 30 1000000100 2 3 65 60 25 30 0000000000 3 0 1579 60 15 30 0000000000
597554 4 5199 1 0 4 0 0 183 60 15 0 0000000000 1 1 233 60 15 30 0000000010 2 3 40 60 25 30 0000000000 3 0 2710 60 15 30 0000000000
254007 0 3115 1 0 4 0 0 186 60 15 0 0000000000 1 1 230 60 15 30 0000010000 2 3 38 60 25 30 0000000000 3 0 2454 60 15 30 0000000000
620200 7 7148 2 0 4 0 0 176 60 15 0 0000000000 1 1 223 60 15 30 0001000000 2 3 46 60 25 30 0000000000 3 0 2639 60 15 30 0000000000
246843 4 2615 3 0 4 0 0 176 60 15 0 0000000000 1 1 236 60 15 30 0000000010 2 3 39 60 25 30 0000000000 3 0 2702 60 15 30 0000000000
199436 2 7555 2 0 4 0 0 176 60 15 0 0000000000 1 1 121 60 15 30 1000000100 2 3 47 60 25 30 0000000000 3 0 1600 60 15 30 0000000000
165988 2 3025 2 0 4 0 0 182 60 15 0 0000000000 1 1 111 60 15 30 1000000100 2 3 51 60 25 30 0000000000 3 0 1653 60 15 30 0000000000
236856 5 7148 3 0 4 0 0 178 60 15 0 0000000000 1 1 202 60 15 30 1000000000 2 3 49 60 25 30 0000000000 3 0 2370 60 15 30 0000000000
418544 0 2276 3 0 4 0 0 177 60 15 0 0000000000 1 1 213 60 15 30 0000010000 2 3 45 60 25 30 0000000000 3 0 2461 60 15 30 0000000000
830442 0 6565 2 0 4 0 0 177 60 15 0 0000000000 1 1 245 60 15 30 0000010000 2 3 49 60 25 30 0000000000 3 0 2518 60 15 30 0000000000
319661 8 7555 2 0 4 0 0 176 60 15 0 0000000000 1 1 223 60 15 30 0000000011 2 3 51 60 25 30 0000000000 3 0 2630 60 15 30 0000000000
722510 3 8621 1 0 5 0 0 178 60 15 0 0000000000 1 1 166 60 15 30 1100000000 2 2 93 30 20 30 0000000000 3 3 54 60 25 30 0000000000 4 0 1892 60 15 30 0000000000
435659 0 6287 3 0 4 0 0 179 60 15 0 0000000000 1 1 219 60 15 30 0000010000 2 3 48 60 25 30 0000000000 3 0 2445 60 15 30 0000000000
273594 2 6287 2 0 4 0 0 175 60 15 0 0000000000 1 1 125 60 15 30 1000000100 2 3 56 60 25 30 0000000000 3 0 1569 60 15 30 0000000000
284845 3 6060 3 0 5 0 0 180 60 15 0 0000000000 1 1 139 60 15 30 1100000000 2 2 89 30 20 30 0000000000 3 3 48 60 25 30 0000000000 4 0 1766 60 15 30 0000000000
425934 1 6943 1 0 4 0 0 177 60 15 0 0000000000 1 1 230 60 15 30 1000000000 2 3 49 60 25 30 0000000000 3 0 2049 60 15 30 0000000000
876840 2 8797 2 0 4 0 0 186 60 15 0 0000000000 1 1 122 60 15 30 1000000100 2 3 49 60 25 30 0000000000 3 0 1642 60 15 30 0000000000
444995 10 5750 1 0 4 0 0 176 60 15 0 0000000000 1 1 177 60 15 30 0000001000 2 3 44 60 25 30 0000000000 3 0 2175 60 15 30 0000000000
291480 0 5765 2 0 4 0 0 180 60 15 0 0000000000 1 1 239 60 15 30 0000010000 2 3 48 60 25 30 0000000000 3 0 2480 60 15 30 0000000000
865146 1 8621 1 1440 4 0 0 177 60 15 0 0000000000 1 1 219 60 15 30 1000000000 2 3 48 60 25 30 0000000000 3 0 2129 60 15 30 0000000000
579075 4 9844 3 0 4 0 0 182 60 15 0 0000000000 1 1 221 60 15 30 0000000010 2 3 52 60 25 30 0000000000 3 0 2700 60 15 30 0000000000
571570 0 8621 1 0 4 0 0 177 60 15 0 0000000000 1 1 228 60 15 30 0000010000 2 3 51 60 25 30 0000000000 3 0 2480 60 15 30 0000000000
647202 7 3025 3 0 4 0 0 180 60 15 0 0000000000 1 1 231 60 15 30 0001000000 2 3 46 60 25 30 0000000000 3 0 2576 60 15 30 0000000000
511622 1 1038 3 0 4 0 0 182 60 15 0 0000000000 1 1 216 60 15 30 1000000000 2 3 46 60 25 30 0000000000 3 0 2120 60 15 30 0000000000
383377 2 4679 2 0 4 0 0 165 60 15 0 0000000000 1 1 132 60 15 30 1000000100 2 3 48 60 25 30 0000000000 3 0 1628 60 15 30 0000000000
844742 5 2953 1 0 4 0 0 178 60 15 0 0000000000 1 1 188 60 15 30 1000000000 2 3 48 60 25 30 0000000000 3 0 2369 60 15 30 0000000000
625158 5 4679 1 0 4 0 0 183 60 15 0 0000000000 1 1 196 60 15 30 1000000000 2 3 51 60 25 30 0000000000 3 0 2370 60 15 30 0000000000
892353 0 3025 1 0 4 0 0 174 60 15 0 0000000000 1 1 217 60 15 30 0000010000 2 3 57 60 25 30 0000000000 3 0 2494 60 15 30 0000000000
170935 0 8459 1 0 4 0 0 179 60 15 0 0000000000 1 1 240 60 15 30 0000010000 2 3 55 60 25 30 0000000000 3 0 2513 60 15 30 0000000000
796193 1 6977 3 0 4 0 0 178 60 15 0 0000000000 1 1 196 60 15 30 1000000000 2 3 53 60 25 30 0000000000 3 0 2037 60 15 30 0000000000
705200 6 1224 2 0 5 0 0 181 60 15 0 0000000000 1 1 174 60 15 30 0010100000 2 2 95 30 20 30 0000000000 3 3 53 60 25 30 0000000000 4 0 2029 60 15 30 0000000000
459639 1 7148 3 0 4 0 0 175 60 15 0 0000000000 1 1 212 60 15 30 1000000000 2 3 45 60 25 30 0000000000 3 0 2101 60 15 30 0000000000
824840 3 5765 2 0 5 0 0 178 60 15 0 0000000000 1 1 144 60 15 30 1100000000 2 2 77 30 20 30 0000000000 3 3 53 60 25 30 0000000000 4 0 1880 60 15 30 0000000000
659506 3 6058 3 0 5 0 0 180 60 15 0 0000000000 1 1 142 60 15 30 1100000000 2 2 89 30 20 30 0000000000 3 3 48 60 25 30 0000000000 4 0 1836 60 15 30 0000000000
106026 1 6977 3 0 4 0 0 178 60 15 0 0000000000 1 1 222 60 15 30 1000000000 2 3 49 60 25 30 0000000000 3 0 2116 60 15 30 0000000000
601735 3 3025 3 0 5 0 0 183 60 15 0 0000000000 1 1 172 60 15 30 1100000000 2 2 83 30 20 30 0000000000 3 3 50 60 25 30 0000000000 4 0 1829 60 15 30 0000000000
220075 7 7148 2 0 4 0 0 182 60 15 0 0000000000 1 1 232 60 15 30 0001000000 2 3 47 60 25 30 0000000000 3 0 2607 60 15 30 0000000000
616136 3 1529 2 1440 5 0 0 182 60 15 0 0000000000 1 1 161 60 15 30 1100000000 2 2 82 30 20 30 0000000000 3 3 50 60 25 30 0000000000 4 0 1861 60 15 30 0000000000
985695 3 4821 2 1440 5 0 0 175 60 15 0 0000000000 1 1 143 60 15 30 1100000000 2 2 92 30 20 30 0000000000 3 3 57 60 25 30 0000000000 4 0 1895 60 15 30 0000000000
464778 0 6060 2 0 4 0 0 181 60 15 0 0000000000 1 1 233 60 15 30 0000010000 2 3 45 60 25 30 0000000000 3 0 2458 60 15 30 0000000000
144670 7 2615 2 1440 4 0 0 179 60 15 0 0000000000 1 1 210 60 15 30 0001000000 2 3 52 60 25 30 0000000000 3 0 2611 60 15 30 0000000000
751013 2 1529 1 0 4 0 0 184 60 15 0 0000000000 1 1 126 60 15 30 1000000100 2 3 60 60 25 30 0000000000 3 0 1602 60 15 30 0000000000
762243 1 4679 1 0 4 0 0 186 60 15 0 0000000000 1 1 212 60 15 30 1000000000 2 3 48 60 25 30 0000000000 3 0 2069 60 15 30 0000000000
266558 0 5750 1 0 4 0 0 183 60 15 0 0000000000 1 1 223 60 15 30 0000010000 2 3 53 60 25 30 0000000000 3 0 2514 60 15 30 0000000000
759736 8 2901 1 0 4 0 0 175 60 15 0 0000000000 1 1 218 60 15 30 0000000011 2 3 49 60 25 30 0000000000 3 0 2579 60 15 30 0000000000
778998 5 3115 3 0 4 0 0 178 60 15 0 0000000000 1 1 184 60 15 30 1000000000 2 3 52 60 25 30 0000000000 3 0 2347 60 15 30 0000000000
825957 8 2615 3 0 4 0 0 188 60 15 0 0000000000 1 1 226 60 15 30 0000000011 2 3 57 60 25 30 0000000000 3 0 2572 60 15 30 0000000000
627607 6 8459 1 1440 5 0 0 185 60 15 0 0000000000 1 1 164 60 15 30 0010100000 2 2 87 30 20 30 0000000000 3 3 44 60 25 30 0000000000 4 0 2051 60 15 30 0000000000
755343 8 2276 3 0 4 0 0 185 60 15 0 0000000000 1 1 209 60 15 30 0000000011 2 3 47 60 25 30 0000000000 3 0 2600 60 15 30 0000000000
785333 4 6943 2 0 4 0 0 186 60 15 0 0000000000 1 1 221 60 15 30 0000000010 2 3 49 60 25 30 0000000000 3 0 2746 60 15 30 0000000000
600102 8 5750 3 0 4 0 0 178 60 15 0 0000000000 1 1 203 60 15 30 0000000011 2 3 53 60 25 30 0000000000 3 0 2580 60 15 30 0000000000
509506 2 3115 1 0 4 0 0 185 60 15 0 0000000000 1 1 133 60 15 30 1000000100 2 3 36 60 25 30 0000000000 3 0 1618 60 15 30 0000000000
469081 2 6060 1 0 4 0 0 184 60 15 0 0000000000 1 1 132 60 15 30 1000000100 2 3 50 60 25 30 0000000000 3 0 1629 60 15 30 0000000000
323592 5 3462 3 0 4 0 0 179 60 15 0 0000000000 1 1 178 60 15 30 1000000000 2 3 48 60 25 30 0000000000 3 0 2312 60 15 30 0000000000
185287 8 3115 2 0 4 0 0 175 60 15 0 0000000000 1 1 216 60 15 30 0000000011 2 3 47 60 25 30 0000000000 3 0 2564 60 15 30 0000000000
813442 1 7148 3 0 4 0 0 185 60 15 0 0000000000 1 1 216 60 15 30 1000000000 2 3 57 60 25 30 0000000000 3 0 2096 60 15 30 0000000000
455520 0 6060 2 0 4 0 0 174 60 15 0 0000000000 1 1 225 60 15 30 0000010000 2 3 41 60 25 30 0000000000 3 0 2457 60 15 30 0000000000
920105 6 6287 1 0 5 0 0 177 60 15 0 0000000000 1 1 172 60 15 30 0010100000 2 2 79 30 20 30 0000000000 3 3 52 60 25 30 0000000000 4 0 2098 60 15 30 0000000000
615924 1 7555 2 0 4 0 0 180 60 15 0 0000000000 1 1 206 60 15 30 1000000000 2 3 49 60 25 30 0000000000 3 0 2113 60 15 30 0000000000
272188 5 8459 1 0 4 0 0 176 60 15 0 0000000000 1 1 198 60 15 30 1000000000 2 3 51 60 25 30 0000000000 3 0 2345 60 15 30 0000000000
263928 11 3462 1 0 5 0 0 178 60 15 0 0000000000 1 1 280 60 15 30 0100000010 2 2 102 30 20 30 0000000000 3 3 48 60 25 30 0000000000 4 0 3365 60 15 30 0000000000
549161 1 9844 2 0 4 0 0 176 60 15 0 0000000000 1 1 215 60 15 30 1000000000 2 3 52 60 25 30 0000000000 3 0 2063 60 15 30 0000000000
13699 0 1440
13856 0 0
16785 0 0
16684 0 0
16358 0 0
15712 0 0
15813 0 0
19031 0 0
12483 0 0
16764 0 0
14003 0 1440
12254 0 0
18449 0 1440
13775 0 0
11737 0 1440
11067 0 0
10227 0 1440
12691 0 0
11351 0 0
13409 0 1440
10821 0 1440
14912 0 0
12214 0 0
13340 0 0
12912 0 1440
10243 0 0
19275 0 1440
10049 0 0
11713 0 0
14120 0 0
13506 0 0
14614 0 0
18402 0 1440
11229 0 0
16444 0 1440
12311 0 0
12019 0 0
17573 0 0
12279 0 0
11424 0 0
10960 0 0
12988 0 0
16863 0 0
19875 0 0
14093 0 1440
11913 0 1440
12426 0 0
10537 0 0
18737 0 0
13838 0 0
11951 0 0
19037 0 0
14409 0 0
18292 0 0
15728 0 0
17391 0 0
10417 0 0
17486 0 0
11065 0 0
12248 0 0
17856 0 0
12937 0 0
19652 0 0
14823 0 0
14867 0 0
15042 0 1440
14053 0 1440
17657 0 1440
13604 0 0
18717 0 1440
13026 0 0
39804 1 101111111111 21 0 900 1440 2340 2880 3780 4320 5220 5760 6660 10080 10980 11520 12420 12960 13860 14400 15300 15840 16740 20160
27011 1 110111111101 23 0 900 1440 2340 2880 3780 4320 5220 5760 6660 7300 7900 10080 10980 11520 12420 12960 13860 14400 15300 15840 16740 20160
22522 1 110010110111 21 0 900 1440 2340 2880 3780 4320 5220 5760 6660 10080 10980 11520 12420 12960 13860 14400 15300 15840 16740 20160
45520 1 011110111111 21 0 900 1440 2340 2880 3780 4320 5220 5760 6660 10080 10980 11520 12420 12960 13860 14400 15300 15840 16740 20160
30056 1 011111111011 21 0 900 1440 2340 2880 3780 4320 5220 5760 6660 10080 10980 11520 12420 12960 13860 14400 15300 15840 16740 20160
61616 2 1 0
58745 2 1 0
57749 2 1 0
56697 2 1 0
93091 3 1 0
95550 3 1 0
82338 3 1 0
88760 3 1 0
95997 3 1 0
86146 3 1 0
75837 3 1 0
