30 141 95 12 10
3797 19 0 900 2880 3780 5760 6660 7200 8100 10080 10980 12960 13860 14400 15300 15840 16740 17280 18180 20160
2828 23 0 900 1440 2340 2880 3780 4320 5220 5760 6660 7200 8100 10080 10980 11520 12420 14400 15300 15840 16740 17280 18180 20160
1973 17 0 900 2880 3780 5760 6660 7200 8100 10080 10980 11520 12420 14400 15300 17280 18180 20160
5783 15 0 900 2880 3780 4320 5220 7200 8100 10080 10980 11520 12420 15840 16740 20160
1627 17 1440 2340 2880 3780 4320 5220 5760 6660 10080 10980 11520 12420 12960 13860 17280 18180 20160
2825 21 0 900 1440 2340 2880 3780 4320 5220 5760 6660 7200 8100 10080 10980 11520 12420 12960 13860 15840 16740 20160
5547 21 1440 2340 2880 3780 4320 5220 5760 6660 7200 8100 10080 10980 11520 12420 12960 13860 14400 15300 17280 18180 20160
5262 17 1440 2340 2880 3780 4320 5220 5760 6660 10080 10980 11520 12420 12960 13860 15840 16740 20160
1405 21 0 900 2880 3780 4320 5220 5760 6660 7200 8100 10080 10980 11520 12420 12960 13860 15840 16740 17280 18180 20160
6861 19 1440 2340 2880 3780 4320 5220 5760 6660 7200 8100 11520 12420 12960 13860 14400 15300 15840 16740 20160
8490 21 0 900 1440 2340 2880 3780 5760 6660 7200 8100 10080 10980 11520 12420 12960 13860 14400 15300 15840 16740 20160
6196 17 1440 2340 2880 3780 7200 8100 10080 10980 11520 12420 12960 13860 14400 15300 15840 16740 20160
3075 17 2880 3780 4320 5220 5760 6660 10080 10980 11520 12420 12960 13860 14400 15300 15840 16740 20160
8086 21 0 900 1440 2340 2880 3780 4320 5220 5760 6660 7200 8100 10080 10980 14400 15300 15840 16740 17280 18180 20160
3544 13 0 900 1440 2340 2880 3780 4320 5220 12960 13860 15840 16740 20160
2478 11 0 900 4320 5220 5760 6660 11520 12420 12960 13860 20160
5212 19 0 900 1440 2340 2880 3780 7200 8100 11520 12420 12960 13860 14400 15300 15840 16740 17280 18180 20160
2811 21 0 900 1440 2340 4320 5220 7200 8100 10080 10980 11520 12420 12960 13860 14400 15300 15840 16740 17280 18180 20160
5645 15 0 900 1440 2340 5760 6660 7200 8100 12960 13860 15840 16740 17280 18180 20160
6478 21 0 900 1440 2340 2880 3780 4320 5220 5760 6660 7200 8100 11520 12420 14400 15300 15840 16740 17280 18180 20160
1427 23 0 900 2880 3780 4320 5220 5760 6660 7200 8100 10080 10980 11520 12420 12960 13860 14400 15300 15840 16740 17280 18180 20160
3428 21 0 900 1440 2340 2880 3780 4320 5220 5760 6660 10080 10980 11520 12420 14400 15300 15840 16740 17280 18180 20160
1978 15 0 900 4320 5220 7200 8100 11520 12420 12960 13860 15840 16740 17280 18180 20160
6415 19 0 900 1440 2340 5760 6660 7200 8100 10080 10980 11520 12420 14400 15300 15840 16740 17280 18180 20160
9408 17 0 900 2880 3780 4320 5220 5760 6660 7200 8100 10080 10980 11520 12420 17280 18180 20160
1843 15 0 900 1440 2340 5760 6660 7200 8100 10080 10980 11520 12420 17280 18180 20160
1709 21 0 900 1440 2340 2880 3780 4320 5220 5760 6660 10080 10980 11520 12420 12960 13860 15840 16740 17280 18180 20160
4904 19 0 900 1440 2340 5760 6660 7200 8100 10080 10980 11520 12420 14400 15300 15840 16740 17280 18180 20160
2501 13 2880 3780 4320 5220 11520 12420 12960 13860 14400 15300 15840 16740 20160
3932 21 0 900 1440 2340 2880 3780 5760 6660 7200 8100 10080 10980 11520 12420 12960 13860 14400 15300 17280 18180 20160
rackdeVideo 3
rackdeEndoscopia 1
microscópiOftalmo 1
microscopioNeuro 1
plataformaArgonio 1
mesasTracaoOrtopédica 2
mesasArticuladas 2
perneiraPosicaoGine 1
arcoCirurgico 2
ultrassom 1
118978 4 1405 2 0 4 0 0 182 60 15 0 0000000000 1 1 223 60 15 30 0000000010 2 3 44 60 25 30 0000000000 3 0 2686 60 15 30 0000000000
764268 0 1709 2 0 4 0 0 174 60 15 0 0000000000 1 1 235 60 15 30 0000010000 2 3 60 60 25 30 0000000000 3 0 2517 60 15 30 0000000000
698350 5 2811 1 1440 4 0 0 185 60 15 0 0000000000 1 1 182 60 15 30 1000000000 2 3 46 60 25 30 0000000000 3 0 2341 60 15 30 0000000000
640469 5 6478 2 1440 4 0 0 173 60 15 0 0000000000 1 1 209 60 15 30 1000000000 2 3 61 60 25 30 0000000000 3 0 2363 60 15 30 0000000000
250030 1 8086 2 0 4 0 0 174 60 15 0 0000000000 1 1 201 60 15 30 1000000000 2 3 43 60 25 30 0000000000 3 0 2065 60 15 30 0000000000
885678 6 3428 2 1440 5 0 0 182 60 15 0 0000000000 1 1 185 60 15 30 0010100000 2 2 102 30 20 30 0000000000 3 3 43 60 25 30 0000000000 4 0 2106 60 15 30 0000000000
629033 2 8086 1 0 4 0 0 185 60 15 0 0000000000 1 1 136 60 15 30 1000000100 2 3 50 60 25 30 0000000000 3 0 1569 60 15 30 0000000000
766807 4 5783 1 1440 4 0 0 185 60 15 0 0000000000 1 1 248 60 15 30 0000000010 2 3 53 60 25 30 0000000000 3 0 2710 60 15 30 0000000000
424531 2 6478 3 0 4 0 0 178 60 15 0 0000000000 1 1 142 60 15 30 1000000100 2 3 53 60 25 30 0000000000 3 0 1575 60 15 30 0000000000
654382 0 6196 3 1440 4 0 0 179 60 15 0 0000000000 1 1 219 60 15 30 0000010000 2 3 48 60 25 30 0000000000 3 0 2522 60 15 30 0000000000
568491 7 2501 1 0 4 0 0 182 60 15 0 0000000000 1 1 230 60 15 30 0001000000 2 3 49 60 25 30 0000000000 3 0 2624 60 15 30 0000000000
112343 0 3428 2 0 4 0 0 182 60 15 0 0000000000 1 1 232 60 15 30 0000010000 2 3 46 60 25 30 0000000000 3 0 2498 60 15 30 0000000000
680021 1 3932 2 0 4 0 0 185 60 15 0 0000000000 1 1 211 60 15 30 1000000000 2 3 46 60 25 30 0000000000 3 0 2086 60 15 30 0000000000
620276 1 2811 3 0 4 0 0 177 60 15 0 0000000000 1 1 220 60 15 30 1000000000 2 3 51 60 25 30 0000000000 3 0 2106 60 15 30 0000000000
917049 2 6415 1 0 4 0 0 180 60 15 0 0000000000 1 1 147 60 15 30 1000000100 2 3 38 60 25 30 0000000000 3 0 1599 60 15 30 0000000000
883512 1 1978 1 1440 4 0 0 187 60 15 0 0000000000 1 1 244 60 15 30 1000000000 2 3 49 60 25 30 0000000000 3 0 2110 60 15 30 0000000000
752119 7 1843 2 0 4 0 0 181 60 15 0 0000000000 1 1 220 60 15 30 0001000000 2 3 51 60 25 30 0000000000 3 0 2594 60 15 30 0000000000
569894 1 1978 2 0 4 0 0 180 60 15 0 0000000000 1 1 232 60 15 30 1000000000 2 3 55 60 25 30 0000000000 3 0 2100 60 15 30 0000000000
608395 1 2828 2 1440 4 0 0 181 60 15 0 0000000000 1 1 216 60 15 30 1000000000 2 3 44 60 25 30 0000000000 3 0 2120 60 15 30 0000000000
394734 6 5783 1 0 5 0 0 185 60 15 0 0000000000 1 1 188 60 15 30 0010100000 2 2 93 30 20 30 0000000000 3 3 50 60 25 30 0000000000 4 0 2046 60 15 30 0000000000
238784 0 1973 2 0 4 0 0 185 60 15 0 0000000000 1 1 240 60 15 30 0000010000 2 3 43 60 25 30 0000000000 3 0 2486 60 15 30 0000000000
559814 2 5262 1 0 4 0 0 179 60 15 0 0000000000 1 1 116 60 15 30 1000000100 2 3 49 60 25 30 0000000000 3 0 1601 60 15 30 0000000000
468498 4 3075 2 0 4 0 0 179 60 15 0 0000000000 1 1 213 60 15 30 0000000010 2 3 44 60 25 30 0000000000 3 0 2672 60 15 30 0000000000
443629 0 3797 2 0 4 0 0 175 60 15 0 0000000000 1 1 224 60 15 30 0000010000 2 3 43 60 25 30 0000000000 3 0 2500 60 15 30 0000000000
714349 4 1978 3 1440 4 0 0 182 60 15 0 0000000000 1 1 227 60 15 30 0000000010 2 3 38 60 25 30 0000000000 3 0 2631 60 15 30 0000000000
249207 1 8086 2 0 4 0 0 176 60 15 0 0000000000 1 1 201 60 15 30 1000000000 2 3 46 60 25 30 0000000000 3 0 2096 60 15 30 0000000000
614401 2 5783 3 0 4 0 0 180 60 15 0 0000000000 1 1 117 60 15 30 1000000100 2 3 59 60 25 30 0000000000 3 0 1635 60 15 30 0000000000
112887 4 2811 2 1440 4 0 0 172 60 15 0 0000000000 1 1 219 60 15 30 0000000010 2 3 49 60 25 30 0000000000 3 0 2756 60 15 30 0000000000
918292 2 8490 3 0 4 0 0 176 60 15 0 0000000000 1 1 132 60 15 30 1000000100 2 3 39 60 25 30 0000000000 3 0 1578 60 15 30 0000000000
134678 10 5783 2 1440 4 0 0 177 60 15 0 0000000000 1 1 169 60 15 30 0000001000 2 3 52 60 25 30 0000000000 3 0 2191 60 15 30 0000000000
524991 2 2811 1 0 4 0 0 180 60 15 0 0000000000 1 1 126 60 15 30 1000000100 2 3 45 60 25 30 0000000000 3 0 1562 60 15 30 0000000000
624216 0 5212 2 0 4 0 0 175 60 15 0 0000000000 1 1 226 60 15 30 0000010000 2 3 56 60 25 30 0000000000 3 0 2509 60 15 30 0000000000
574336 1 1427 3 1440 4 0 0 175 60 15 0 0000000000 1 1 235 60 15 30 1000000000 2 3 44 60 25 30 0000000000 3 0 2125 60 15 30 0000000000
327003 0 3932 3 1440 4 0 0 184 60 15 0 0000000000 1 1 242 60 15 30 0000010000 2 3 44 60 25 30 0000000000 3 0 2483 60 15 30 0000000000
249722 5 1405 3 0 4 0 0 181 60 15 0 0000000000 1 1 205 60 15 30 1000000000 2 3 42 60 25 30 0000000000 3 0 2350 60 15 30 0000000000
776970 2 1843 3 0 4 0 0 182 60 15 0 0000000000 1 1 129 60 15 30 1000000100 2 3 52 60 25 30 0000000000 3 0 1583 60 15 30 0000000000
496055 11 5212 1 0 5 0 0 180 60 15 0 0000000000 1 1 280 60 15 30 0100000010 2 2 92 30 20 30 0000000000 3 3 53 60 25 30 0000000000 4 0 3423 60 15 30 0000000000
742639 8 1405 3 0 4 0 0 169 60 15 0 0000000000 1 1 224 60 15 30 0000000011 2 3 50 60 25 30 0000000000 3 0 2630 60 15 30 0000000000
417271 11 3428 1 0 5 0 0 179 60 15 0 0000000000 1 1 261 60 15 30 0100000010 2 2 86 30 20 30 0000000000 3 3 53 60 25 30 0000000000 4 0 3437 60 15 30 0000000000
334156 11 2501 1 0 5 0 0 182 60 15 0 0000000000 1 1 296 60 15 30 0100000010 2 2 84 30 20 30 0000000000 3 3 59 60 25 30 0000000000 4 0 3369 60 15 30 0000000000
689250 2 1627 2 0 4 0 0 177 60 15 0 0000000000 1 1 131 60 15 30 1000000100 2 3 53 60 25 30 0000000000 3 0 1609 60 15 30 0000000000
593257 5 6415 3 0 4 0 0 183 60 15 0 0000000000 1 1 194 60 15 30 1000000000 2 3 56 60 25 30 0000000000 3 0 2272 60 15 30 0000000000
861519 10 8490 2 0 4 0 0 175 60 15 0 0000000000 1 1 183 60 15 30 0000001000 2 3 41 60 25 30 0000000000 3 0 2165 60 15 30 0000000000
911627 0 3932 1 0 4 0 0 184 60 15 0 0000000000 1 1 221 60 15 30 0000010000 2 3 47 60 25 30 0000000000 3 0 2513 60 15 30 0000000000
246280 6 3797 1 0 5 0 0 175 60 15 0 0000000000 1 1 166 60 15 30 0010100000 2 2 91 30 20 30 0000000000 3 3 44 60 25 30 0000000000 4 0 1997 60 15 30 0000000000
870955 3 5783 1 1440 5 0 0 181 60 15 0 0000000000 1 1 145 60 15 30 1100000000 2 2 86 30 20 30 0000000000 3 3 56 60 25 30 0000000000 4 0 1847 60 15 30 0000000000
401174 4 5262 3 0 4 0 0 176 60 15 0 0000000000 1 1 228 60 15 30 0000000010 2 3 48 60 25 30 0000000000 3 0 2678 60 15 30 0000000000
824428 4 5645 3 0 4 0 0 180 60 15 0 0000000000 1 1 219 60 15 30 0000000010 2 3 49 60 25 30 0000000000 3 0 2734 60 15 30 0000000000
294903 3 3544 3 0 5 0 0 179 60 15 0 0000000000 1 1 125 60 15 30 1100000000 2 2 81 30 20 30 0000000000 3 3 50 60 25 30 0000000000 4 0 1823 60 15 30 0000000000
303801 0 3544 1 0 4 0 0 186 60 15 0 0000000000 1 1 229 60 15 30 0000010000 2 3 53 60 25 30 0000000000 3 0 2472 60 15 30 0000000000
929098 2 5262 3 0 4 0 0 184 60 15 0 0000000000 1 1 112 60 15 30 1000000100 2 3 48 60 25 30 0000000000 3 0 1579 60 15 30 0000000000
158720 0 2811 1 0 4 0 0 169 60 15 0 0000000000 1 1 232 60 15 30 0000010000 2 3 56 60 25 30 0000000000 3 0 2513 60 15 30 0000000000
257785 5 1427 1 0 4 0 0 178 60 15 0 0000000000 1 1 180 60 15 30 1000000000 2 3 51 60 25 30 0000000000 3 0 2362 60 15 30 0000000000
318415 0 6196 1 0 4 0 0 179 60 15 0 0000000000 1 1 222 60 15 30 0000010000 2 3 54 60 25 30 0000000000 3 0 2484 60 15 30 0000000000
337747 2 5645 2 0 4 0 0 176 60 15 0 0000000000 1 1 121 60 15 30 1000000100 2 3 50 60 25 30 0000000000 3 0 1625 60 15 30 0000000000
391582 5 5262 2 0 4 0 0 174 60 15 0 0000000000 1 1 196 60 15 30 1000000000 2 3 48 60 25 30 0000000000 3 0 2391 60 15 30 0000000000
916131 8 8086 1 0 4 0 0 176 60 15 0 0000000000 1 1 200 60 15 30 0000000011 2 3 46 60 25 30 0000000000 3 0 2494 60 15 30 0000000000
963353 5 1973 1 0 4 0 0 180 60 15 0 0000000000 1 1 208 60 15 30 1000000000 2 3 43 60 25 30 0000000000 3 0 2332 60 15 30 0000000000
319921 7 6861 3 0 4 0 0 182 60 15 0 0000000000 1 1 218 60 15 30 0001000000 2 3 54 60 25 30 0000000000 3 0 2652 60 15 30 0000000000
152743 0 1978 2 0 4 0 0 180 60 15 0 0000000000 1 1 239 60 15 30 0000010000 2 3 41 60 25 30 0000000000 3 0 2492 60 15 30 0000000000
209574 0 9408 2 0 4 0 0 182 60 15 0 0000000000 1 1 216 60 15 30 0000010000 2 3 48 60 25 30 0000000000 3 0 2453 60 15 30 0000000000
194754 7 1709 3 0 4 0 0 181 60 15 0 0000000000 1 1 202 60 15 30 0001000000 2 3 50 60 25 30 0000000000 3 0 2617 60 15 30 0000000000
415634 3 5262 3 0 5 0 0 178 60 15 0 0000000000 1 1 163 60 15 30 1100000000 2 2 91 30 20 30 0000000000 3 3 68 60 25 30 0000000000 4 0 1820 60 15 30 0000000000
503323 2 2478 1 0 4 0 0 187 60 15 0 0000000000 1 1 122 60 15 30 1000000100 2 3 43 60 25 30 0000000000 3 0 1585 60 15 30 0000000000
177886 0 6196 1 0 4 0 0 174 60 15 0 0000000000 1 1 243 60 15 30 0000010000 2 3 41 60 25 30 0000000000 3 0 2515 60 15 30 0000000000
407466 2 9408 1 0 4 0 0 172 60 15 0 0000000000 1 1 132 60 15 30 1000000100 2 3 53 60 25 30 0000000000 3 0 1602 60 15 30 0000000000
984698 2 5262 2 0 4 0 0 178 60 15 0 0000000000 1 1 124 60 15 30 1000000100 2 3 37 60 25 30 0000000000 3 0 1627 60 15 30 0000000000
825567 1 8086 3 0 4 0 0 182 60 15 0 0000000000 1 1 203 60 15 30 1000000000 2 3 55 60 25 30 0000000000 3 0 2150 60 15 30 0000000000
813935 0 6415 3 1440 4 0 0 178 60 15 0 0000000000 1 1 252 60 15 30 0000010000 2 3 57 60 25 30 0000000000 3 0 2491 60 15 30 0000000000
632960 5 3544 3 0 4 0 0 185 60 15 0 0000000000 1 1 193 60 15 30 1000000000 2 3 49 60 25 30 0000000000 3 0 2348 60 15 30 0000000000
900433 9 2825 2 1440 5 0 0 175 60 15 0 0000000000 1 1 277 60 15 30 0000001000 2 2 90 30 20 30 0000000000 3 3 50 60 25 30 0000000000 4 0 3335 60 15 30 0000000000
276807 1 1978 1 0 4 0 0 170 60 15 0 0000000000 1 1 215 60 15 30 1000000000 2 3 46 60 25 30 0000000000 3 0 2099 60 15 30 0000000000
186498 0 3797 2 1440 4 0 0 175 60 15 0 0000000000 1 1 211 60 15 30 0000010000 2 3 48 60 25 30 0000000000 3 0 2470 60 15 30 0000000000
921773 1 3075 2 0 4 0 0 189 60 15 0 0000000000 1 1 217 60 15 30 1000000000 2 3 50 60 25 30 0000000000 3 0 2120 60 15 30 0000000000
399287 5 6196 3 0 4 0 0 180 60 15 0 0000000000 1 1 195 60 15 30 1000000000 2 3 46 60 25 30 0000000000 3 0 2286 60 15 30 0000000000
842451 9 1978 2 0 5 0 0 174 60 15 0 0000000000 1 1 276 60 15 30 0000001000 2 2 111 30 20 30 0000000000 3 3 55 60 25 30 0000000000 4 0 3307 60 15 30 0000000000
403619 0 3797 2 1440 4 0 0 181 60 15 0 0000000000 1 1 221 60 15 30 0000010000 2 3 53 60 25 30 0000000000 3 0 2493 60 15 30 0000000000
763961 1 2825 2 0 4 0 0 172 60 15 0 0000000000 1 1 187 60 15 30 1000000000 2 3 46 60 25 30 0000000000 3 0 2105 60 15 30 0000000000
242418 10 3544 3 0 4 0 0 181 60 15 0 0000000000 1 1 200 60 15 30 0000001000 2 3 42 60 25 30 0000000000 3 0 2169 60 15 30 0000000000
314066 9 2828 2 1440 5 0 0 178 60 15 0 0000000000 1 1 280 60 15 30 0000001000 2 2 105 30 20 30 0000000000 3 3 55 60 25 30 0000000000 4 0 3327 60 15 30 0000000000
280968 4 5783 3 0 4 0 0 185 60 15 0 0000000000 1 1 243 60 15 30 0000000010 2 3 49 60 25 30 0000000000 3 0 2730 60 15 30 0000000000
645558 0 4904 1 0 4 0 0 184 60 15 0 0000000000 1 1 208 60 15 30 0000010000 2 3 40 60 25 30 0000000000 3 0 2532 60 15 30 0000000000
950615 5 6861 3 0 4 0 0 174 60 15 0 0000000000 1 1 213 60 15 30 1000000000 2 3 54 60 25 30 0000000000 3 0 2406 60 15 30 0000000000
486057 4 1709 3 0 4 0 0 176 60 15 0 0000000000 1 1 222 60 15 30 0000000010 2 3 49 60 25 30 0000000000 3 0 2708 60 15 30 0000000000
908642 0 2828 2 0 4 0 0 186 60 15 0 0000000000 1 1 225 60 15 30 0000010000 2 3 53 60 25 30 0000000000 3 0 2519 60 15 30 0000000000
427016 0 3428 1 0 4 0 0 177 60 15 0 0000000000 1 1 233 60 15 30 0000010000 2 3 45 60 25 30 0000000000 3 0 2396 60 15 30 0000000000
604290 8 8490 3 0 4 0 0 173 60 15 0 0000000000 1 1 199 60 15 30 0000000011 2 3 61 60 25 30 0000000000 3 0 2563 60 15 30 0000000000
790962 2 2825 3 0 4 0 0 178 60 15 0 0000000000 1 1 120 60 15 30 1000000100 2 3 42 60 25 30 0000000000 3 0 1605 60 15 30 0000000000
792854 4 3544 3 0 4 0 0 178 60 15 0 0000000000 1 1 250 60 15 30 0000000010 2 3 53 60 25 30 0000000000 3 0 2702 60 15 30 0000000000
839777 3 8490 3 0 5 0 0 176 60 15 0 0000000000 1 1 143 60 15 30 1100000000 2 2 98 30 20 30 0000000000 3 3 53 60 25 30 0000000000 4 0 1883 60 15 30 0000000000
622298 1 2828 2 0 4 0 0 180 60 15 0 0000000000 1 1 231 60 15 30 1000000000 2 3 48 60 25 30 0000000000 3 0 2109 60 15 30 0000000000
218960 1 3428 2 0 4 0 0 181 60 15 0 0000000000 1 1 205 60 15 30 1000000000 2 3 52 60 25 30 0000000000 3 0 2085 60 15 30 0000000000
137536 8 1709 2 0 4 0 0 188 60 15 0 0000000000 1 1 228 60 15 30 0000000011 2 3 43 60 25 30 0000000000 3 0 2606 60 15 30 0000000000
231923 0 5262 1 0 4 0 0 176 60 15 0 0000000000 1 1 214 60 15 30 0000010000 2 3 48 60 25 30 0000000000 3 0 2455 60 15 30 0000000000
101416 10 1709 3 1440 4 0 0 172 60 15 0 0000000000 1 1 176 60 15 30 0000001000 2 3 56 60 25 30 0000000000 3 0 2246 60 15 30 0000000000
168069 2 8086 3 0 4 0 0 175 60 15 0 0000000000 1 1 132 60 15 30 1000000100 2 3 54 60 25 30 0000000000 3 0 1619 60 15 30 0000000000
897400 2 6415 2 0 4 0 0 180 60 15 0 0000000000 1 1 124 60 15 30 1000000100 2 3 43 60 25 30 0000000000 3 0 1597 60 15 30 0000000000
561444 5 2828 3 0 4 0 0 178 60 15 0 0000000000 1 1 212 60 15 30 1000000000 2 3 51 60 25 30 0000000000 3 0 2324 60 15 30 0000000000
687989 0 8086 2 1440 4 0 0 174 60 15 0 0000000000 1 1 232 60 15 30 0000010000 2 3 48 60 25 30 0000000000 3 0 2501 60 15 30 0000000000
651813 7 5783 2 0 4 0 0 174 60 15 0 0000000000 1 1 236 60 15 30 0001000000 2 3 51 60 25 30 0000000000 3 0 2628 60 15 30 0000000000
694252 0 1627 1 1440 4 0 0 183 60 15 0 0000000000 1 1 235 60 15 30 0000010000 2 3 52 60 25 30 0000000000 3 0 2539 60 15 30 0000000000
510363 8 1709 2 1440 4 0 0 179 60 15 0 0000000000 1 1 217 60 15 30 0000000011 2 3 44 60 25 30 0000000000 3 0 2584 60 15 30 0000000000
742538 2 3544 1 0 4 0 0 176 60 15 0 0000000000 1 1 137 60 15 30 1000000100 2 3 59 60 25 30 0000000000 3 0 1581 60 15 30 0000000000
272120 0 1627 1 0 4 0 0 179 60 15 0 0000000000 1 1 235 60 15 30 0000010000 2 3 45 60 25 30 0000000000 3 0 2529 60 15 30 0000000000
404648 1 5262 3 0 4 0 0 179 60 15 0 0000000000 1 1 207 60 15 30 1000000000 2 3 49 60 25 30 0000000000 3 0 2076 60 15 30 0000000000
888882 6 2811 1 0 5 0 0 184 60 15 0 0000000000 1 1 182 60 15 30 0010100000 2 2 82 30 20 30 0000000000 3 3 48 60 25 30 0000000000 4 0 2046 60 15 30 0000000000
270589 10 5645 2 1440 4 0 0 182 60 15 0 0000000000 1 1 170 60 15 30 0000001000 2 3 47 60 25 30 0000000000 3 0 2184 60 15 30 0000000000
218532 2 5262 3 0 4 0 0 179 60 15 0 0000000000 1 1 118 60 15 30 1000000100 2 3 63 60 25 30 0000000000 3 0 1613 60 15 30 0000000000
379535 0 3544 1 0 4 0 0 180 60 15 0 0000000000 1 1 222 60 15 30 0000010000 2 3 53 60 25 30 0000000000 3 0 2506 60 15 30 0000000000
671830 4 5547 2 1440 4 0 0 181 60 15 0 0000000000 1 1 219 60 15 30 0000000010 2 3 50 60 25 30 0000000000 3 0 2671 60 15 30 0000000000
125993 7 4904 3 0 4 0 0 176 60 15 0 0000000000 1 1 223 60 15 30 0001000000 2 3 57 60 25 30 0000000000 3 0 2632 60 15 30 0000000000
890913 8 2501 2 0 4 0 0 181 60 15 0 0000000000 1 1 209 60 15 30 0000000011 2 3 48 60 25 30 0000000000 3 0 2585 60 15 30 0000000000
971232 10 3075 2 1440 4 0 0 187 60 15 0 0000000000 1 1 205 60 15 30 0000001000 2 3 52 60 25 30 0000000000 3 0 2203 60 15 30 0000000000
304327 6 5262 3 0 5 0 0 177 60 15 0 0000000000 1 1 173 60 15 30 0010100000 2 2 85 30 20 30 0000000000 3 3 46 60 25 30 0000000000 4 0 2017 60 15 30 0000000000
481894 6 1978 3 0 5 0 0 179 60 15 0 0000000000 1 1 191 60 15 30 0010100000 2 2 83 30 20 30 0000000000 3 3 50 60 25 30 0000000000 4 0 2073 60 15 30 0000000000
468030 10 2811 3 0 4 0 0 181 60 15 0 0000000000 1 1 172 60 15 30 0000001000 2 3 54 60 25 30 0000000000 3 0 2253 60 15 30 0000000000
437559 3 5783 2 0 5 0 0 179 60 15 0 0000000000 1 1 154 60 15 30 1100000000 2 2 88 30 20 30 0000000000 3 3 47 60 25 30 0000000000 4 0 1846 60 15 30 0000000000
484634 4 3797 3 0 4 0 0 181 60 15 0 0000000000 1 1 234 60 15 30 0000000010 2 3 44 60 25 30 0000000000 3 0 2732 60 15 30 0000000000
787468 1 5783 1 0 4 0 0 182 60 15 0 0000000000 1 1 219 60 15 30 1000000000 2 3 43 60 25 30 0000000000 3 0 2121 60 15 30 0000000000
384260 1 5212 1 0 4 0 0 176 60 15 0 0000000000 1 1 219 60 15 30 1000000000 2 3 52 60 25 30 0000000000 3 0 2109 60 15 30 0000000000
692668 3 1843 2 0 5 0 0 177 60 15 0 0000000000 1 1 158 60 15 30 1100000000 2 2 83 30 20 30 0000000000 3 3 45 60 25 30 0000000000 4 0 1853 60 15 30 0000000000
328731 0 2501 2 0 4 0 0 176 60 15 0 0000000000 1 1 215 60 15 30 0000010000 2 3 46 60 25 30 0000000000 3 0 2505 60 15 30 0000000000
451379 0 3075 3 1440 4 0 0 176 60 15 0 0000000000 1 1 238 60 15 30 0000010000 2 3 54 60 25 30 0000000000 3 0 2474 60 15 30 0000000000
896297 0 3797 3 0 4 0 0 180 60 15 0 0000000000 1 1 247 60 15 30 0000010000 2 3 58 60 25 30 0000000000 3 0 2497 60 15 30 0000000000
460715 4 5547 1 0 4 0 0 183 60 15 0 0000000000 1 1 220 60 15 30 0000000010 2 3 54 60 25 30 0000000000 3 0 2735 60 15 30 0000000000
792353 4 5547 3 0 4 0 0 190 60 15 0 0000000000 1 1 229 60 15 30 0000000010 2 3 45 60 25 30 0000000000 3 0 2752 60 15 30 0000000000
613634 4 5212 3 1440 4 0 0 178 60 15 0 0000000000 1 1 251 60 15 30 0000000010 2 3 49 60 25 30 0000000000 3 0 2649 60 15 30 0000000000
935860 0 6478 2 0 4 0 0 176 60 15 0 0000000000 1 1 194 60 15 30 0000010000 2 3 45 60 25 30 0000000000 3 0 2506 60 15 30 0000000000
518745 9 2811 1 0 5 0 0 180 60 15 0 0000000000 1 1 294 60 15 30 0000001000 2 2 102 30 20 30 0000000000 3 3 44 60 25 30 0000000000 4 0 3360 60 15 30 0000000000
750677 2 5645 2 1440 4 0 0 183 60 15 0 0000000000 1 1 143 60 15 30 1000000100 2 3 48 60 25 30 0000000000 3 0 1604 60 15 30 0000000000
770811 5 5783 3 0 4 0 0 178 60 15 0 0000000000 1 1 186 60 15 30 1000000000 2 3 51 60 25 30 0000000000 3 0 2376 60 15 30 0000000000
727645 3 1405 2 1440 5 0 0 177 60 15 0 0000000000 1 1 165 60 15 30 1100000000 2 2 89 30 20 30 0000000000 3 3 55 60 25 30 0000000000 4 0 1780 60 15 30 0000000000
824389 3 6196 3 0 5 0 0 177 60 15 0 0000000000 1 1 136 60 15 30 1100000000 2 2 88 30 20 30 0000000000 3 3 53 60 25 30 0000000000 4 0 1844 60 15 30 0000000000
644338 2 6478 1 0 4 0 0 182 60 15 0 0000000000 1 1 132 60 15 30 1000000100 2 3 47 60 25 30 0000000000 3 0 1616 60 15 30 0000000000
808291 6 5212 2 1440 5 0 0 182 60 15 0 0000000000 1 1 170 60 15 30 0010100000 2 2 90 30 20 30 0000000000 3 3 55 60 25 30 0000000000 4 0 2074 60 15 30 0000000000
189956 4 8086 1 0 4 0 0 172 60 15 0 0000000000 1 1 225 60 15 30 0000000010 2 3 56 60 25 30 0000000000 3 0 2738 60 15 30 0000000000
578725 5 8490 1 1440 4 0 0 177 60 15 0 0000000000 1 1 202 60 15 30 1000000000 2 3 41 60 25 30 0000000000 3 0 2371 60 15 30 0000000000
914930 0 6196 1 0 4 0 0 186 60 15 0 0000000000 1 1 233 60 15 30 0000010000 2 3 36 60 25 30 0000000000 3 0 2493 60 15 30 0000000000
899613 0 4904 2 0 4 0 0 182 60 15 0 0000000000 1 1 231 60 15 30 0000010000 2 3 53 60 25 30 0000000000 3 0 2532 60 15 30 0000000000
629453 10 2811 2 1440 4 0 0 182 60 15 0 0000000000 1 1 179 60 15 30 0000001000 2 3 46 60 25 30 0000000000 3 0 2180 60 15 30 0000000000
312180 3 4904 1 0 5 0 0 179 60 15 0 0000000000 1 1 162 60 15 30 1100000000 2 2 84 30 20 30 0000000000 3 3 46 60 25 30 0000000000 4 0 1828 60 15 30 0000000000
19004 0 0
17657 0 0
13492 0 0
11749 0 0
19441 0 0
13294 0 0
17690 0 0
16227 0 1440
15764 0 0
19267 0 0
12886 0 0
18938 0 0
18215 0 0
18308 0 1440
10005 0 0
12659 0 0
14797 0 0
17951 0 0
12466 0 0
13163 0 0
11255 0 1440
18394 0 0
16225 0 1440
13530 0 0
13935 0 0
16332 0 1440
18654 0 1440
11120 0 0
17988 0 0
13669 0 0
13701 0 1440
14304 0 0
18533 0 0
15939 0 0
13265 0 0
18035 0 0
17361 0 0
19524 0 0
14209 0 0
12842 0 0
19711 0 1440
19619 0 0
15476 0 1440
19403 0 0
18205 0 0
15938 0 1440
17082 0 0
15343 0 0
18682 0 1440
16303 0 0
11057 0 1440
16917 0 0
18656 0 0
13468 0 0
17481 0 0
18928 0 0
13263 0 0
19991 0 0
11297 0 0
19078 0 1440
15530 0 0
10318 0 1440
11757 0 0
13800 0 1440
14524 0 0
15196 0 1440
18988 0 0
15178 0 0
19879 0 0
19034 0 0
10689 0 0
19054 0 0
18911 0 1440
19501 0 0
12274 0 0
16608 0 1440
11538 0 0
11156 0 1440
39410 1 001110111011 23 0 900 1440 2340 2880 3780 4320 5220 5760 6660 7300 7900 10080 10980 11520 12420 12960 13860 14400 15300 15840 16740 20160
36869 1 111111011110 23 0 900 1440 2340 2880 3780 4320 5220 5760 6660 7300 7900 10080 10980 11520 12420 12960 13860 14400 15300 15840 16740 20160
47203 1 111111110110 21 0 900 1440 2340 2880 3780 4320 5220 5760 6660 10080 10980 11520 12420 12960 13860 14400 15300 15840 16740 20160
47552 1 011110110110 25 0 900 1440 2340 2880 3780 4320 5220 5760 6660 7300 7900 10080 10980 11520 12420 12960 13860 14400 15300 15840 16740 17380 17980 20160
47766 1 111110001011 21 0 900 1440 2340 2880 3780 4320 5220 5760 6660 10080 10980 11520 12420 12960 13860 14400 15300 15840 16740 20160
24794 1 101101111011 21 0 900 1440 2340 2880 3780 4320 5220 5760 6660 10080 10980 11520 12420 12960 13860 14400 15300 15840 16740 20160
69410 2 1 0
57064 2 1 0
52769 2 1 0
62720 2 1 0
93385 3 1 0
77932 3 1 0
75552 3 1 0
99834 3 1 0
92039 3 1 0
75391 3 1 0
98553 3 1 0
