35 154 104 12 10
6581 13 1440 2340 2880 3780 7200 8100 12960 13860 14400 15300 17280 18180 20160
3375 19 0 900 4320 5220 5760 6660 7200 8100 10080 10980 11520 12420 14400 15300 15840 16740 17280 18180 20160
4373 19 0 900 1440 2340 4320 5220 7200 8100 10080 10980 11520 12420 12960 13860 14400 15300 17280 18180 20160
9266 21 0 900 2880 3780 4320 5220 5760 6660 7200 8100 10080 10980 11520 12420 12960 13860 15840 16740 17280 18180 20160
6313 23 0 900 1440 2340 2880 3780 5760 6660 7200 8100 10080 10980 11520 12420 12960 13860 14400 15300 15840 16740 17280 18180 20160
2482 17 1440 2340 2880 3780 5760 6660 7200 8100 10080 10980 11520 12420 15840 16740 17280 18180 20160
8017 15 0 900 1440 2340 2880 3780 5760 6660 7200 8100 11520 12420 17280 18180 20160
4315 15 0 900 1440 2340 10080 10980 11520 12420 12960 13860 14400 15300 15840 16740 20160
6885 21 1440 2340 2880 3780 5760 6660 7200 8100 10080 10980 11520 12420 12960 13860 14400 15300 15840 16740 17280 18180 20160
4206 21 1440 2340 2880 3780 4320 5220 5760 6660 7200 8100 11520 12420 12960 13860 14400 15300 15840 16740 17280 18180 20160
8344 23 0 900 1440 2340 2880 3780 4320 5220 5760 6660 7200 8100 10080 10980 11520 12420 12960 13860 14400 15300 17280 18180 20160
6105 17 0 900 1440 2340 2880 3780 7200 8100 11520 12420 14400 15300 15840 16740 17280 18180 20160
4066 11 1440 2340 2880 3780 5760 6660 7200 8100 15840 16740 20160
1650 19 0 900 4320 5220 5760 6660 7200 8100 10080 10980 11520 12420 12960 13860 14400 15300 15840 16740 20160
6956 13 0 900 1440 2340 4320 5220 7200 8100 11520 12420 12960 13860 20160
9406 13 2880 3780 4320 5220 5760 6660 10080 10980 11520 12420 14400 15300 20160
2125 13 5760 6660 7200 8100 10080 10980 11520 12420 12960 13860 15840 16740 20160
9380 7 1440 2340 2880 3780 17280 18180 20160
7753 11 0 900 1440 2340 4320 5220 5760 6660 14400 15300 20160
3587 19 1440 2340 2880 3780 4320 5220 5760 6660 10080 10980 11520 12420 12960 13860 14400 15300 17280 18180 20160
3160 15 0 900 4320 5220 5760 6660 10080 10980 11520 12420 14400 15300 17280 18180 20160
3671 19 2880 3780 4320 5220 5760 6660 7200 8100 10080 10980 11520 12420 12960 13860 15840 16740 17280 18180 20160
3381 17 0 900 2880 3780 5760 6660 7200 8100 11520 12420 14400 15300 15840 16740 17280 18180 20160
8811 19 0 900 1440 2340 2880 3780 5760 6660 7200 8100 11520 12420 12960 13860 14400 15300 15840 16740 20160
5909 19 0 900 1440 2340 2880 3780 5760 6660 7200 8100 11520 12420 12960 13860 14400 15300 15840 16740 20160
5895 21 0 900 2880 3780 4320 5220 5760 6660 7200 8100 11520 12420 12960 13860 14400 15300 15840 16740 17280 18180 20160
3709 17 0 900 5760 6660 7200 8100 10080 10980 11520 12420 14400 15300 15840 16740 17280 18180 20160
2537 15 1440 2340 4320 5220 5760 6660 7200 8100 11520 12420 12960 13860 17280 18180 20160
8754 23 0 900 1440 2340 2880 3780 4320 5220 5760 6660 7200 8100 10080 10980 11520 12420 14400 15300 15840 16740 17280 18180 20160
7385 17 2880 3780 4320 5220 10080 10980 11520 12420 12960 13860 14400 15300 15840 16740 17280 18180 20160
5542 17 0 900 1440 2340 4320 5220 5760 6660 12960 13860 14400 15300 15840 16740 17280 18180 20160
9504 15 0 900 2880 3780 4320 5220 7200 8100 10080 10980 11520 12420 17280 18180 20160
8954 13 0 900 2880 3780 4320 5220 5760 6660 10080 10980 15840 16740 20160
1919 11 2880 3780 7200 8100 11520 12420 14400 15300 15840 16740 20160
5655 19 0 900 2880 3780 4320 5220 7200 8100 10080 10980 12960 13860 14400 15300 15840 16740 17280 18180 20160
rackdeVideo 3
rackdeEndoscopia 1
microscópiOftalmo 1
microscopioNeuro 1
plataformaArgonio 1
mesasTracaoOrtopédica 2
mesasArticuladas 2
perneiraPosicaoGine 1
arcoCirurgico 2
ultrassom 1
131155 4 1919 1 1440 4 0 0 177 60 15 0 0000000000 1 1 239 60 15 30 0000000010 2 3 53 60 25 30 0000000000 3 0 2741 60 15 30 0000000000
828522 0 6313 3 0 4 0 0 175 60 15 0 0000000000 1 1 249 60 15 30 0000010000 2 3 49 60 25 30 0000000000 3 0 2525 60 15 30 0000000000
314080 8 9504 3 1440 4 0 0 181 60 15 0 0000000000 1 1 203 60 15 30 0000000011 2 3 40 60 25 30 0000000000 3 0 2554 60 15 30 0000000000
108595 4 9380 1 1440 4 0 0 175 60 15 0 0000000000 1 1 232 60 15 30 0000000010 2 3 49 60 25 30 0000000000 3 0 2739 60 15 30 0000000000
290926 2 6313 3 1440 4 0 0 177 60 15 0 0000000000 1 1 125 60 15 30 1000000100 2 3 51 60 25 30 0000000000 3 0 1628 60 15 30 0000000000
747749 5 6885 2 1440 4 0 0 178 60 15 0 0000000000 1 1 200 60 15 30 1000000000 2 3 49 60 25 30 0000000000 3 0 2334 60 15 30 0000000000
478314 7 5909 3 1440 4 0 0 178 60 15 0 0000000000 1 1 225 60 15 30 0001000000 2 3 45 60 25 30 0000000000 3 0 2597 60 15 30 0000000000
424428 4 9380 2 0 4 0 0 184 60 15 0 0000000000 1 1 214 60 15 30 0000000010 2 3 44 60 25 30 0000000000 3 0 2640 60 15 30 0000000000
945051 4 8754 1 0 4 0 0 179 60 15 0 0000000000 1 1 231 60 15 30 0000000010 2 3 47 60 25 30 0000000000 3 0 2766 60 15 30 0000000000
141435 4 3671 3 1440 4 0 0 182 60 15 0 0000000000 1 1 220 60 15 30 0000000010 2 3 62 60 25 30 0000000000 3 0 2762 60 15 30 0000000000
464779 2 8811 1 0 4 0 0 181 60 15 0 0000000000 1 1 131 60 15 30 1000000100 2 3 38 60 25 30 0000000000 3 0 1634 60 15 30 0000000000
577808 1 4206 3 0 4 0 0 174 60 15 0 0000000000 1 1 213 60 15 30 1000000000 2 3 51 60 25 30 0000000000 3 0 2124 60 15 30 0000000000
726052 6 6581 2 1440 5 0 0 178 60 15 0 0000000000 1 1 179 60 15 30 0010100000 2 2 95 30 20 30 0000000000 3 3 42 60 25 30 0000000000 4 0 2023 60 15 30 0000000000
786366 4 4373 3 0 4 0 0 188 60 15 0 0000000000 1 1 229 60 15 30 0000000010 2 3 51 60 25 30 0000000000 3 0 2743 60 15 30 0000000000
374428 2 2482 1 0 4 0 0 181 60 15 0 0000000000 1 1 125 60 15 30 1000000100 2 3 45 60 25 30 0000000000 3 0 1609 60 15 30 0000000000
517289 0 4373 3 0 4 0 0 180 60 15 0 0000000000 1 1 241 60 15 30 0000010000 2 3 43 60 25 30 0000000000 3 0 2509 60 15 30 0000000000
620074 3 2482 3 1440 5 0 0 181 60 15 0 0000000000 1 1 157 60 15 30 1100000000 2 2 88 30 20 30 0000000000 3 3 48 60 25 30 0000000000 4 0 1846 60 15 30 0000000000
193422 0 3381 1 0 4 0 0 174 60 15 0 0000000000 1 1 230 60 15 30 0000010000 2 3 65 60 25 30 0000000000 3 0 2535 60 15 30 0000000000
269835 5 3381 3 0 4 0 0 173 60 15 0 0000000000 1 1 198 60 15 30 1000000000 2 3 52 60 25 30 0000000000 3 0 2369 60 15 30 0000000000
800077 1 8754 3 1440 4 0 0 182 60 15 0 0000000000 1 1 213 60 15 30 1000000000 2 3 47 60 25 30 0000000000 3 0 2051 60 15 30 0000000000
302411 0 9406 1 0 4 0 0 179 60 15 0 0000000000 1 1 228 60 15 30 0000010000 2 3 58 60 25 30 0000000000 3 0 2477 60 15 30 0000000000
357725 3 2537 3 0 5 0 0 182 60 15 0 0000000000 1 1 151 60 15 30 1100000000 2 2 78 30 20 30 0000000000 3 3 46 60 25 30 0000000000 4 0 1857 60 15 30 0000000000
347178 2 6885 2 1440 4 0 0 171 60 15 0 0000000000 1 1 135 60 15 30 1000000100 2 3 44 60 25 30 0000000000 3 0 1617 60 15 30 0000000000
986947 7 2537 1 0 4 0 0 183 60 15 0 0000000000 1 1 231 60 15 30 0001000000 2 3 40 60 25 30 0000000000 3 0 2574 60 15 30 0000000000
698854 5 6313 2 0 4 0 0 176 60 15 0 0000000000 1 1 177 60 15 30 1000000000 2 3 53 60 25 30 0000000000 3 0 2334 60 15 30 0000000000
421725 8 6885 1 0 4 0 0 180 60 15 0 0000000000 1 1 212 60 15 30 0000000011 2 3 48 60 25 30 0000000000 3 0 2657 60 15 30 0000000000
884167 0 3375 3 1440 4 0 0 176 60 15 0 0000000000 1 1 226 60 15 30 0000010000 2 3 44 60 25 30 0000000000 3 0 2478 60 15 30 0000000000
110831 0 2482 2 0 4 0 0 177 60 15 0 0000000000 1 1 227 60 15 30 0000010000 2 3 40 60 25 30 0000000000 3 0 2494 60 15 30 0000000000
778764 2 1650 1 0 4 0 0 174 60 15 0 0000000000 1 1 123 60 15 30 1000000100 2 3 51 60 25 30 0000000000 3 0 1633 60 15 30 0000000000
120200 3 2537 3 0 5 0 0 184 60 15 0 0000000000 1 1 142 60 15 30 1100000000 2 2 83 30 20 30 0000000000 3 3 44 60 25 30 0000000000 4 0 1846 60 15 30 0000000000
657729 4 8754 2 0 4 0 0 177 60 15 0 0000000000 1 1 232 60 15 30 0000000010 2 3 44 60 25 30 0000000000 3 0 2758 60 15 30 0000000000
744883 2 9504 2 0 4 0 0 176 60 15 0 0000000000 1 1 121 60 15 30 1000000100 2 3 55 60 25 30 0000000000 3 0 1619 60 15 30 0000000000
498207 0 3381 2 0 4 0 0 183 60 15 0 0000000000 1 1 237 60 15 30 0000010000 2 3 51 60 25 30 0000000000 3 0 2471 60 15 30 0000000000
481970 5 8754 3 1440 4 0 0 176 60 15 0 0000000000 1 1 199 60 15 30 1000000000 2 3 48 60 25 30 0000000000 3 0 2352 60 15 30 0000000000
410602 10 4373 3 0 4 0 0 186 60 15 0 0000000000 1 1 189 60 15 30 0000001000 2 3 48 60 25 30 0000000000 3 0 2218 60 15 30 0000000000
623094 2 4066 2 1440 4 0 0 181 60 15 0 0000000000 1 1 109 60 15 30 1000000100 2 3 58 60 25 30 0000000000 3 0 1615 60 15 30 0000000000
956098 0 6581 3 0 4 0 0 177 60 15 0 0000000000 1 1 226 60 15 30 0000010000 2 3 41 60 25 30 0000000000 3 0 2509 60 15 30 0000000000
526356 0 4315 3 0 4 0 0 177 60 15 0 0000000000 1 1 215 60 15 30 0000010000 2 3 47 60 25 30 0000000000 3 0 2459 60 15 30 0000000000
550976 0 9504 2 0 4 0 0 175 60 15 0 0000000000 1 1 236 60 15 30 0000010000 2 3 54 60 25 30 0000000000 3 0 2541 60 15 30 0000000000
400064 5 6581 1 0 4 0 0 183 60 15 0 0000000000 1 1 198 60 15 30 1000000000 2 3 62 60 25 30 0000000000 3 0 2295 60 15 30 0000000000
843207 5 1650 2 0 4 0 0 176 60 15 0 0000000000 1 1 184 60 15 30 1000000000 2 3 44 60 25 30 0000000000 3 0 2374 60 15 30 0000000000
192604 3 9504 1 0 5 0 0 178 60 15 0 0000000000 1 1 146 60 15 30 1100000000 2 2 100 30 20 30 0000000000 3 3 48 60 25 30 0000000000 4 0 1812 60 15 30 0000000000
688976 1 7753 3 0 4 0 0 185 60 15 0 0000000000 1 1 222 60 15 30 1000000000 2 3 63 60 25 30 0000000000 3 0 2124 60 15 30 0000000000
933281 3 6885 2 0 5 0 0 181 60 15 0 0000000000 1 1 172 60 15 30 1100000000 2 2 94 30 20 30 0000000000 3 3 47 60 25 30 0000000000 4 0 1824 60 15 30 0000000000
221183 2 6581 1 0 4 0 0 179 60 15 0 0000000000 1 1 145 60 15 30 1000000100 2 3 39 60 25 30 0000000000 3 0 1633 60 15 30 0000000000
441652 6 6956 3 1440 5 0 0 176 60 15 0 0000000000 1 1 164 60 15 30 0010100000 2 2 91 30 20 30 0000000000 3 3 52 60 25 30 0000000000 4 0 2024 60 15 30 0000000000
897026 9 5542 1 1440 5 0 0 180 60 15 0 0000000000 1 1 271 60 15 30 0000001000 2 2 91 30 20 30 0000000000 3 3 52 60 25 30 0000000000 4 0 3372 60 15 30 0000000000
733623 0 6956 3 0 4 0 0 184 60 15 0 0000000000 1 1 231 60 15 30 0000010000 2 3 42 60 25 30 0000000000 3 0 2523 60 15 30 0000000000
202711 1 1919 3 0 4 0 0 171 60 15 0 0000000000 1 1 209 60 15 30 1000000000 2 3 58 60 25 30 0000000000 3 0 2100 60 15 30 0000000000
289571 0 8954 3 0 4 0 0 172 60 15 0 0000000000 1 1 217 60 15 30 0000010000 2 3 57 60 25 30 0000000000 3 0 2512 60 15 30 0000000000
770996 4 9406 2 1440 4 0 0 179 60 15 0 0000000000 1 1 201 60 15 30 0000000010 2 3 49 60 25 30 0000000000 3 0 2656 60 15 30 0000000000
390070 0 3160 1 1440 4 0 0 180 60 15 0 0000000000 1 1 237 60 15 30 0000010000 2 3 41 60 25 30 0000000000 3 0 2472 60 15 30 0000000000
928422 6 7753 2 0 5 0 0 181 60 15 0 0000000000 1 1 177 60 15 30 0010100000 2 2 85 30 20 30 0000000000 3 3 45 60 25 30 0000000000 4 0 2073 60 15 30 0000000000
918525 2 5655 3 0 4 0 0 183 60 15 0 0000000000 1 1 141 60 15 30 1000000100 2 3 44 60 25 30 0000000000 3 0 1623 60 15 30 0000000000
285525 9 6105 2 1440 5 0 0 176 60 15 0 0000000000 1 1 291 60 15 30 0000001000 2 2 81 30 20 30 0000000000 3 3 47 60 25 30 0000000000 4 0 3314 60 15 30 0000000000
703261 1 3671 2 1440 4 0 0 188 60 15 0 0000000000 1 1 207 60 15 30 1000000000 2 3 49 60 25 30 0000000000 3 0 2058 60 15 30 0000000000
961371 3 8811 2 0 5 0 0 182 60 15 0 0000000000 1 1 151 60 15 30 1100000000 2 2 99 30 20 30 0000000000 3 3 49 60 25 30 0000000000 4 0 1864 60 15 30 0000000000
762416 4 3381 1 0 4 0 0 178 60 15 0 0000000000 1 1 209 60 15 30 0000000010 2 3 42 60 25 30 0000000000 3 0 2750 60 15 30 0000000000
659804 3 9504 2 1440 5 0 0 181 60 15 0 0000000000 1 1 158 60 15 30 1100000000 2 2 85 30 20 30 0000000000 3 3 50 60 25 30 0000000000 4 0 1885 60 15 30 0000000000
721636 8 6956 1 0 4 0 0 180 60 15 0 0000000000 1 1 222 60 15 30 0000000011 2 3 44 60 25 30 0000000000 3 0 2619 60 15 30 0000000000
213027 10 3375 1 0 4 0 0 173 60 15 0 0000000000 1 1 189 60 15 30 0000001000 2 3 53 60 25 30 0000000000 3 0 2249 60 15 30 0000000000
498681 7 3375 1 0 4 0 0 173 60 15 0 0000000000 1 1 212 60 15 30 0001000000 2 3 43 60 25 30 0000000000 3 0 2554 60 15 30 0000000000
177313 0 6313 2 0 4 0 0 175 60 15 0 0000000000 1 1 225 60 15 30 0000010000 2 3 49 60 25 30 0000000000 3 0 2509 60 15 30 0000000000
644107 8 3709 2 0 4 0 0 181 60 15 0 0000000000 1 1 226 60 15 30 0000000011 2 3 44 60 25 30 0000000000 3 0 2534 60 15 30 0000000000
294911 2 6105 2 0 4 0 0 172 60 15 0 0000000000 1 1 123 60 15 30 1000000100 2 3 54 60 25 30 0000000000 3 0 1602 60 15 30 0000000000
820747 2 3375 2 0 4 0 0 185 60 15 0 0000000000 1 1 139 60 15 30 1000000100 2 3 50 60 25 30 0000000000 3 0 1604 60 15 30 0000000000
290868 1 2125 2 0 4 0 0 173 60 15 0 0000000000 1 1 222 60 15 30 1000000000 2 3 51 60 25 30 0000000000 3 0 2082 60 15 30 0000000000
163533 5 8954 3 0 4 0 0 176 60 15 0 0000000000 1 1 210 60 15 30 1000000000 2 3 47 60 25 30 0000000000 3 0 2317 60 15 30 0000000000
253524 0 4373 3 0 4 0 0 180 60 15 0 0000000000 1 1 235 60 15 30 0000010000 2 3 52 60 25 30 0000000000 3 0 2514 60 15 30 0000000000
396071 2 8344 3 0 4 0 0 176 60 15 0 0000000000 1 1 132 60 15 30 1000000100 2 3 47 60 25 30 0000000000 3 0 1585 60 15 30 0000000000
581822 4 6581 1 0 4 0 0 177 60 15 0 0000000000 1 1 223 60 15 30 0000000010 2 3 48 60 25 30 0000000000 3 0 2699 60 15 30 0000000000
819694 5 9406 1 0 4 0 0 178 60 15 0 0000000000 1 1 195 60 15 30 1000000000 2 3 52 60 25 30 0000000000 3 0 2338 60 15 30 0000000000
606153 2 2125 1 0 4 0 0 185 60 15 0 0000000000 1 1 127 60 15 30 1000000100 2 3 48 60 25 30 0000000000 3 0 1600 60 15 30 0000000000
543202 9 5909 3 0 5 0 0 183 60 15 0 0000000000 1 1 291 60 15 30 0000001000 2 2 82 30 20 30 0000000000 3 3 53 60 25 30 0000000000 4 0 3386 60 15 30 0000000000
669392 2 1919 3 0 4 0 0 184 60 15 0 0000000000 1 1 101 60 15 30 1000000100 2 3 48 60 25 30 0000000000 3 0 1591 60 15 30 0000000000
108343 9 5895 2 0 5 0 0 180 60 15 0 0000000000 1 1 293 60 15 30 0000001000 2 2 78 30 20 30 0000000000 3 3 49 60 25 30 0000000000 4 0 3399 60 15 30 0000000000
799734 2 7753 3 0 4 0 0 187 60 15 0 0000000000 1 1 116 60 15 30 1000000100 2 3 50 60 25 30 0000000000 3 0 1639 60 15 30 0000000000
548799 0 5655 1 0 4 0 0 175 60 15 0 0000000000 1 1 220 60 15 30 0000010000 2 3 48 60 25 30 0000000000 3 0 2527 60 15 30 0000000000
105552 0 1650 2 1440 4 0 0 181 60 15 0 0000000000 1 1 230 60 15 30 0000010000 2 3 52 60 25 30 0000000000 3 0 2536 60 15 30 0000000000
265815 5 4373 1 0 4 0 0 181 60 15 0 0000000000 1 1 169 60 15 30 1000000000 2 3 45 60 25 30 0000000000 3 0 2350 60 15 30 0000000000
503659 0 6885 1 1440 4 0 0 182 60 15 0 0000000000 1 1 240 60 15 30 0000010000 2 3 44 60 25 30 0000000000 3 0 2540 60 15 30 0000000000
499742 6 3671 1 0 5 0 0 182 60 15 0 0000000000 1 1 177 60 15 30 0010100000 2 2 93 30 20 30 0000000000 3 3 50 60 25 30 0000000000 4 0 2066 60 15 30 0000000000
204735 2 3587 2 1440 4 0 0 175 60 15 0 0000000000 1 1 124 60 15 30 1000000100 2 3 51 60 25 30 0000000000 3 0 1598 60 15 30 0000000000
126280 1 5542 2 0 4 0 0 177 60 15 0 0000000000 1 1 224 60 15 30 1000000000 2 3 53 60 25 30 0000000000 3 0 2080 60 15 30 0000000000
473654 3 2125 1 0 5 0 0 180 60 15 0 0000000000 1 1 177 60 15 30 1100000000 2 2 94 30 20 30 0000000000 3 3 46 60 25 30 0000000000 4 0 1888 60 15 30 0000000000
427781 7 9504 3 1440 4 0 0 179 60 15 0 0000000000 1 1 214 60 15 30 0001000000 2 3 49 60 25 30 0000000000 3 0 2574 60 15 30 0000000000
216958 4 9406 2 0 4 0 0 177 60 15 0 0000000000 1 1 228 60 15 30 0000000010 2 3 49 60 25 30 0000000000 3 0 2794 60 15 30 0000000000
962809 0 7385 3 0 4 0 0 178 60 15 0 0000000000 1 1 231 60 15 30 0000010000 2 3 54 60 25 30 0000000000 3 0 2458 60 15 30 0000000000
305307 0 1919 2 0 4 0 0 183 60 15 0 0000000000 1 1 201 60 15 30 0000010000 2 3 51 60 25 30 0000000000 3 0 2490 60 15 30 0000000000
162971 6 9406 3 0 5 0 0 182 60 15 0 0000000000 1 1 170 60 15 30 0010100000 2 2 77 30 20 30 0000000000 3 3 46 60 25 30 0000000000 4 0 2054 60 15 30 0000000000
999258 4 4206 1 0 4 0 0 177 60 15 0 0000000000 1 1 235 60 15 30 0000000010 2 3 53 60 25 30 0000000000 3 0 2708 60 15 30 0000000000
830005 1 5542 2 0 4 0 0 178 60 15 0 0000000000 1 1 219 60 15 30 1000000000 2 3 45 60 25 30 0000000000 3 0 2157 60 15 30 0000000000
809173 0 7753 2 0 4 0 0 185 60 15 0 0000000000 1 1 217 60 15 30 0000010000 2 3 48 60 25 30 0000000000 3 0 2490 60 15 30 0000000000
217443 1 5895 1 0 4 0 0 179 60 15 0 0000000000 1 1 217 60 15 30 1000000000 2 3 39 60 25 30 0000000000 3 0 2082 60 15 30 0000000000
184604 2 4066 3 1440 4 0 0 178 60 15 0 0000000000 1 1 128 60 15 30 1000000100 2 3 55 60 25 30 0000000000 3 0 1596 60 15 30 0000000000
276894 2 4206 3 0 4 0 0 181 60 15 0 0000000000 1 1 144 60 15 30 1000000100 2 3 46 60 25 30 0000000000 3 0 1595 60 15 30 0000000000
951094 7 7385 1 0 4 0 0 179 60 15 0 0000000000 1 1 210 60 15 30 0001000000 2 3 63 60 25 30 0000000000 3 0 2640 60 15 30 0000000000
984275 9 6885 2 0 5 0 0 177 60 15 0 0000000000 1 1 284 60 15 30 0000001000 2 2 100 30 20 30 0000000000 3 3 40 60 25 30 0000000000 4 0 3321 60 15 30 0000000000
337404 0 4315 3 1440 4 0 0 177 60 15 0 0000000000 1 1 210 60 15 30 0000010000 2 3 33 60 25 30 0000000000 3 0 2513 60 15 30 0000000000
656352 4 5542 1 0 4 0 0 179 60 15 0 0000000000 1 1 228 60 15 30 0000000010 2 3 44 60 25 30 0000000000 3 0 2697 60 15 30 0000000000
716340 3 9406 3 0 5 0 0 183 60 15 0 0000000000 1 1 163 60 15 30 1100000000 2 2 85 30 20 30 0000000000 3 3 41 60 25 30 0000000000 4 0 1829 60 15 30 0000000000
300024 3 9380 3 0 5 0 0 181 60 15 0 0000000000 1 1 150 60 15 30 1100000000 2 2 82 30 20 30 0000000000 3 3 54 60 25 30 0000000000 4 0 1883 60 15 30 0000000000
717965 3 3587 1 0 5 0 0 185 60 15 0 0000000000 1 1 156 60 15 30 1100000000 2 2 90 30 20 30 0000000000 3 3 41 60 25 30 0000000000 4 0 1861 60 15 30 0000000000
922753 0 5895 3 0 4 0 0 181 60 15 0 0000000000 1 1 233 60 15 30 0000010000 2 3 43 60 25 30 0000000000 3 0 2538 60 15 30 0000000000
850842 3 9266 1 0 5 0 0 179 60 15 0 0000000000 1 1 152 60 15 30 1100000000 2 2 87 30 20 30 0000000000 3 3 44 60 25 30 0000000000 4 0 1853 60 15 30 0000000000
572556 4 4315 3 1440 4 0 0 183 60 15 0 0000000000 1 1 223 60 15 30 0000000010 2 3 49 60 25 30 0000000000 3 0 2679 60 15 30 0000000000
716159 2 7753 1 0 4 0 0 182 60 15 0 0000000000 1 1 134 60 15 30 1000000100 2 3 40 60 25 30 0000000000 3 0 1599 60 15 30 0000000000
527442 6 3375 1 0 5 0 0 184 60 15 0 0000000000 1 1 177 60 15 30 0010100000 2 2 100 30 20 30 0000000000 3 3 46 60 25 30 0000000000 4 0 2084 60 15 30 0000000000
477049 7 5542 3 1440 4 0 0 186 60 15 0 0000000000 1 1 223 60 15 30 0001000000 2 3 38 60 25 30 0000000000 3 0 2673 60 15 30 0000000000
653749 0 7385 1 0 4 0 0 179 60 15 0 0000000000 1 1 229 60 15 30 0000010000 2 3 44 60 25 30 0000000000 3 0 2475 60 15 30 0000000000
196068 0 9266 2 0 4 0 0 177 60 15 0 0000000000 1 1 236 60 15 30 0000010000 2 3 50 60 25 30 0000000000 3 0 2472 60 15 30 0000000000
916659 7 3587 1 0 4 0 0 186 60 15 0 0000000000 1 1 219 60 15 30 0001000000 2 3 46 60 25 30 0000000000 3 0 2678 60 15 30 0000000000
579450 2 8954 2 0 4 0 0 178 60 15 0 0000000000 1 1 131 60 15 30 1000000100 2 3 50 60 25 30 0000000000 3 0 1608 60 15 30 0000000000
787474 0 5542 1 0 4 0 0 183 60 15 0 0000000000 1 1 233 60 15 30 0000010000 2 3 51 60 25 30 0000000000 3 0 2491 60 15 30 0000000000
949158 7 9266 3 0 4 0 0 175 60 15 0 0000000000 1 1 205 60 15 30 0001000000 2 3 39 60 25 30 0000000000 3 0 2640 60 15 30 0000000000
547437 0 9406 3 0 4 0 0 187 60 15 0 0000000000 1 1 224 60 15 30 0000010000 2 3 49 60 25 30 0000000000 3 0 2511 60 15 30 0000000000
720785 2 3671 2 0 4 0 0 187 60 15 0 0000000000 1 1 133 60 15 30 1000000100 2 3 53 60 25 30 0000000000 3 0 1609 60 15 30 0000000000
474439 3 5909 3 0 5 0 0 172 60 15 0 0000000000 1 1 138 60 15 30 1100000000 2 2 83 30 20 30 0000000000 3 3 54 60 25 30 0000000000 4 0 1810 60 15 30 0000000000
398478 0 3587 1 0 4 0 0 183 60 15 0 0000000000 1 1 240 60 15 30 0000010000 2 3 57 60 25 30 0000000000 3 0 2466 60 15 30 0000000000
473236 2 3671 3 1440 4 0 0 182 60 15 0 0000000000 1 1 111 60 15 30 1000000100 2 3 51 60 25 30 0000000000 3 0 1537 60 15 30 0000000000
450008 5 5655 2 0 4 0 0 179 60 15 0 0000000000 1 1 208 60 15 30 1000000000 2 3 64 60 25 30 0000000000 3 0 2400 60 15 30 0000000000
835338 8 9266 1 0 4 0 0 184 60 15 0 0000000000 1 1 218 60 15 30 0000000011 2 3 45 60 25 30 0000000000 3 0 2536 60 15 30 0000000000
283900 2 9406 3 1440 4 0 0 179 60 15 0 0000000000 1 1 114 60 15 30 1000000100 2 3 57 60 25 30 0000000000 3 0 1543 60 15 30 0000000000
178370 3 4315 1 0 5 0 0 182 60 15 0 0000000000 1 1 148 60 15 30 1100000000 2 2 103 30 20 30 0000000000 3 3 47 60 25 30 0000000000 4 0 1888 60 15 30 0000000000
726258 2 1650 3 0 4 0 0 180 60 15 0 0000000000 1 1 132 60 15 30 1000000100 2 3 55 60 25 30 0000000000 3 0 1575 60 15 30 0000000000
235612 6 8344 3 0 5 0 0 188 60 15 0 0000000000 1 1 163 60 15 30 0010100000 2 2 79 30 20 30 0000000000 3 3 58 60 25 30 0000000000 4 0 2095 60 15 30 0000000000
743034 2 6885 1 0 4 0 0 179 60 15 0 0000000000 1 1 138 60 15 30 1000000100 2 3 51 60 25 30 0000000000 3 0 1595 60 15 30 0000000000
132757 7 8017 1 0 4 0 0 180 60 15 0 0000000000 1 1 218 60 15 30 0001000000 2 3 50 60 25 30 0000000000 3 0 2640 60 15 30 0000000000
461414 3 9380 2 0 5 0 0 183 60 15 0 0000000000 1 1 151 60 15 30 1100000000 2 2 98 30 20 30 0000000000 3 3 53 60 25 30 0000000000 4 0 1882 60 15 30 0000000000
447804 1 2482 3 0 4 0 0 179 60 15 0 0000000000 1 1 211 60 15 30 1000000000 2 3 53 60 25 30 0000000000 3 0 2140 60 15 30 0000000000
741627 1 3587 1 0 4 0 0 177 60 15 0 0000000000 1 1 223 60 15 30 1000000000 2 3 47 60 25 30 0000000000 3 0 2118 60 15 30 0000000000
208844 6 4066 1 0 5 0 0 180 60 15 0 0000000000 1 1 179 60 15 30 0010100000 2 2 92 30 20 30 0000000000 3 3 53 60 25 30 0000000000 4 0 2072 60 15 30 0000000000
244439 0 3709 2 0 4 0 0 185 60 15 0 0000000000 1 1 236 60 15 30 0000010000 2 3 54 60 25 30 0000000000 3 0 2464 60 15 30 0000000000
376620 9 5895 3 0 5 0 0 182 60 15 0 0000000000 1 1 271 60 15 30 0000001000 2 2 95 30 20 30 0000000000 3 3 49 60 25 30 0000000000 4 0 3317 60 15 30 0000000000
651629 6 8017 1 0 5 0 0 180 60 15 0 0000000000 1 1 160 60 15 30 0010100000 2 2 80 30 20 30 0000000000 3 3 55 60 25 30 0000000000 4 0 2047 60 15 30 0000000000
785540 7 8017 2 0 4 0 0 185 60 15 0 0000000000 1 1 206 60 15 30 0001000000 2 3 52 60 25 30 0000000000 3 0 2618 60 15 30 0000000000
606212 1 3671 2 0 4 0 0 183 60 15 0 0000000000 1 1 223 60 15 30 1000000000 2 3 48 60 25 30 0000000000 3 0 2036 60 15 30 0000000000
232010 7 3160 2 0 4 0 0 183 60 15 0 0000000000 1 1 222 60 15 30 0001000000 2 3 52 60 25 30 0000000000 3 0 2677 60 15 30 0000000000
631822 6 5655 1 0 5 0 0 185 60 15 0 0000000000 1 1 173 60 15 30 0010100000 2 2 85 30 20 30 0000000000 3 3 55 60 25 30 0000000000 4 0 2032 60 15 30 0000000000
699383 10 5542 2 0 4 0 0 179 60 15 0 0000000000 1 1 196 60 15 30 0000001000 2 3 49 60 25 30 0000000000 3 0 2137 60 15 30 0000000000
967381 3 8954 3 0 5 0 0 178 60 15 0 0000000000 1 1 173 60 15 30 1100000000 2 2 86 30 20 30 0000000000 3 3 54 60 25 30 0000000000 4 0 1831 60 15 30 0000000000
338968 1 9406 2 0 4 0 0 184 60 15 0 0000000000 1 1 205 60 15 30 1000000000 2 3 54 60 25 30 0000000000 3 0 2092 60 15 30 0000000000
215193 0 8344 1 0 4 0 0 182 60 15 0 0000000000 1 1 234 60 15 30 0000010000 2 3 48 60 25 30 0000000000 3 0 2490 60 15 30 0000000000
457539 2 4206 3 0 4 0 0 184 60 15 0 0000000000 1 1 117 60 15 30 1000000100 2 3 54 60 25 30 0000000000 3 0 1589 60 15 30 0000000000
919550 1 8754 2 0 4 0 0 174 60 15 0 0000000000 1 1 226 60 15 30 1000000000 2 3 55 60 25 30 0000000000 3 0 2104 60 15 30 0000000000
941737 5 5655 3 0 4 0 0 180 60 15 0 0000000000 1 1 201 60 15 30 1000000000 2 3 47 60 25 30 0000000000 3 0 2337 60 15 30 0000000000
426435 9 8344 2 1440 5 0 0 179 60 15 0 0000000000 1 1 253 60 15 30 0000001000 2 2 77 30 20 30 0000000000 3 3 47 60 25 30 0000000000 4 0 3401 60 15 30 0000000000
644940 0 6956 2 0 4 0 0 172 60 15 0 0000000000 1 1 237 60 15 30 0000010000 2 3 48 60 25 30 0000000000 3 0 2520 60 15 30 0000000000
939987 4 6885 2 0 4 0 0 184 60 15 0 0000000000 1 1 218 60 15 30 0000000010 2 3 43 60 25 30 0000000000 3 0 2747 60 15 30 0000000000
811868 3 2482 3 0 5 0 0 179 60 15 0 0000000000 1 1 149 60 15 30 1100000000 2 2 101 30 20 30 0000000000 3 3 43 60 25 30 0000000000 4 0 1876 60 15 30 0000000000
447230 5 8754 2 0 4 0 0 177 60 15 0 0000000000 1 1 213 60 15 30 1000000000 2 3 49 60 25 30 0000000000 3 0 2294 60 15 30 0000000000
273609 4 4373 2 0 4 0 0 184 60 15 0 0000000000 1 1 228 60 15 30 0000000010 2 3 47 60 25 30 0000000000 3 0 2686 60 15 30 0000000000
187882 1 2482 3 0 4 0 0 183 60 15 0 0000000000 1 1 232 60 15 30 1000000000 2 3 47 60 25 30 0000000000 3 0 2131 60 15 30 0000000000
547892 1 1650 1 0 4 0 0 180 60 15 0 0000000000 1 1 211 60 15 30 1000000000 2 3 47 60 25 30 0000000000 3 0 2077 60 15 30 0000000000
15138 0 0
16243 0 0
17236 0 0
16622 0 1440
15803 0 0
11447 0 0
18735 0 0
13798 0 0
11118 0 0
12187 0 0
13548 0 0
10799 0 1440
17561 0 0
19478 0 0
14629 0 0
19973 0 1440
16776 0 0
16533 0 1440
16466 0 0
17344 0 1440
13799 0 0
16294 0 0
16856 0 0
18957 0 0
17679 0 0
14339 0 0
12064 0 0
11572 0 0
15324 0 0
18066 0 0
14453 0 0
13050 0 0
14253 0 0
15257 0 0
13879 0 0
10054 0 0
14236 0 0
15856 0 1440
11376 0 0
18515 0 0
10969 0 0
16589 0 0
12182 0 0
12248 0 0
14818 0 0
19372 0 0
19653 0 0
16296 0 0
13232 0 0
17547 0 1440
11010 0 0
16445 0 0
15395 0 0
17474 0 0
10131 0 0
16554 0 1440
18056 0 0
10231 0 0
17807 0 0
18420 0 1440
18340 0 0
17080 0 0
14396 0 1440
16644 0 0
15823 0 0
18682 0 0
13616 0 0
15600 0 0
18256 0 1440
19874 0 0
14536 0 0
17626 0 0
16754 0 0
18111 0 1440
13150 0 0
18892 0 0
13305 0 0
19410 0 0
16850 0 0
18773 0 1440
11983 0 0
14414 0 0
17884 0 0
11464 0 1440
15735 0 0
10303 0 1440
18856 0 0
13832 0 0
47027 1 011010110110 21 0 900 1440 2340 2880 3780 4320 5220 5760 6660 10080 10980 11520 12420 12960 13860 14400 15300 15840 16740 20160
45920 1 111111111111 21 0 900 1440 2340 2880 3780 4320 5220 5760 6660 10080 10980 11520 12420 12960 13860 14400 15300 15840 16740 20160
46793 1 111011011111 23 0 900 1440 2340 2880 3780 4320 5220 5760 6660 10080 10980 11520 12420 12960 13860 14400 15300 15840 16740 17380 17980 20160
30998 1 111111111000 21 0 900 1440 2340 2880 3780 4320 5220 5760 6660 10080 10980 11520 12420 12960 13860 14400 15300 15840 16740 20160
38889 1 110011110110 21 0 900 1440 2340 2880 3780 4320 5220 5760 6660 10080 10980 11520 12420 12960 13860 14400 15300 15840 16740 20160
24600 1 111011110101 21 0 900 1440 2340 2880 3780 4320 5220 5760 6660 10080 10980 11520 12420 12960 13860 14400 15300 15840 16740 20160
65048 2 1 0
57288 2 1 0
54611 2 1 0
62435 2 1 0
90575 3 1 0
88388 3 1 0
82345 3 1 0
74201 3 1 0
76377 3 1 0
99915 3 1 0
