37 159 105 12 10
9762 25 0 900 1440 2340 2880 3780 4320 5220 5760 6660 7200 8100 10080 10980 11520 12420 12960 13860 14400 15300 15840 16740 17280 18180 20160
3714 23 0 900 1440 2340 2880 3780 4320 5220 5760 6660 7200 8100 11520 12420 12960 13860 14400 15300 15840 16740 17280 18180 20160
3435 19 0 900 2880 3780 4320 5220 5760 6660 7200 8100 10080 10980 11520 12420 12960 13860 15840 16740 20160
8356 13 1440 2340 5760 6660 7200 8100 14400 15300 15840 16740 17280 18180 20160
4878 17 0 900 1440 2340 4320 5220 5760 6660 7200 8100 11520 12420 14400 15300 17280 18180 20160
2365 23 0 900 1440 2340 2880 3780 4320 5220 7200 8100 10080 10980 11520 12420 12960 13860 14400 15300 15840 16740 17280 18180 20160
5510 23 0 900 1440 2340 2880 3780 5760 6660 7200 8100 10080 10980 11520 12420 12960 13860 14400 15300 15840 16740 17280 18180 20160
8315 17 0 900 2880 3780 4320 5220 5760 6660 10080 10980 14400 15300 15840 16740 17280 18180 20160
6847 17 0 900 1440 2340 2880 3780 4320 5220 10080 10980 12960 13860 14400 15300 15840 16740 20160
9310 23 0 900 1440 2340 2880 3780 4320 5220 5760 6660 7200 8100 10080 10980 11520 12420 12960 13860 14400 15300 15840 16740 20160
7656 21 0 900 2880 3780 4320 5220 5760 6660 7200 8100 11520 12420 12960 13860 14400 15300 15840 16740 17280 18180 20160
7894 17 0 900 1440 2340 2880 3780 4320 5220 5760 6660 7200 8100 11520 12420 17280 18180 20160
6617 17 0 900 2880 3780 4320 5220 5760 6660 10080 10980 11520 12420 15840 16740 17280 18180 20160
8936 13 1440 2340 2880 3780 7200 8100 12960 13860 14400 15300 15840 16740 20160
1610 21 0 900 1440 2340 2880 3780 4320 5220 10080 10980 11520 12420 12960 13860 14400 15300 15840 16740 17280 18180 20160
4783 15 1440 2340 2880 3780 10080 10980 11520 12420 12960 13860 14400 15300 15840 16740 20160
9510 21 0 900 2880 3780 4320 5220 5760 6660 7200 8100 10080 10980 11520 12420 14400 15300 15840 16740 17280 18180 20160
2678 19 1440 2340 4320 5220 5760 6660 7200 8100 10080 10980 11520 12420 12960 13860 15840 16740 17280 18180 20160
1372 19 0 900 2880 3780 5760 6660 10080 10980 11520 12420 12960 13860 14400 15300 15840 16740 17280 18180 20160
5460 17 0 900 2880 3780 4320 5220 5760 6660 11520 12420 14400 15300 15840 16740 17280 18180 20160
6113 11 0 900 2880 3780 4320 5220 10080 10980 17280 18180 20160
9968 19 1440 2340 2880 3780 4320 5220 5760 6660 7200 8100 10080 10980 11520 12420 12960 13860 14400 15300 20160
6795 21 0 900 1440 2340 2880 3780 4320 5220 5760 6660 11520 12420 12960 13860 14400 15300 15840 16740 17280 18180 20160
5959 15 1440 2340 2880 3780 4320 5220 7200 8100 11520 12420 12960 13860 17280 18180 20160
6315 23 0 900 1440 2340 2880 3780 4320 5220 5760 6660 10080 10980 11520 12420 12960 13860 14400 15300 15840 16740 17280 18180 20160
6957 21 0 900 1440 2340 2880 3780 4320 5220 5760 6660 7200 8100 12960 13860 14400 15300 15840 16740 17280 18180 20160
3727 23 1440 2340 2880 3780 4320 5220 5760 6660 7200 8100 10080 10980 11520 12420 12960 13860 14400 15300 15840 16740 17280 18180 20160
7891 21 0 900 2880 3780 4320 5220 5760 6660 7200 8100 10080 10980 11520 12420 12960 13860 14400 15300 17280 18180 20160
7765 17 1440 2340 2880 3780 4320 5220 5760 6660 11520 12420 14400 15300 15840 16740 17280 18180 20160
3013 17 2880 3780 4320 5220 10080 10980 11520 12420 12960 13860 14400 15300 15840 16740 17280 18180 20160
5233 21 0 900 1440 2340 2880 3780 4320 5220 5760 6660 11520 12420 12960 13860 14400 15300 15840 16740 17280 18180 20160
7758 17 1440 2340 2880 3780 4320 5220 5760 6660 7200 8100 11520 12420 14400 15300 15840 16740 20160
7795 17 0 900 1440 2340 4320 5220 5760 6660 11520 12420 12960 13860 14400 15300 17280 18180 20160
8915 11 2880 3780 4320 5220 10080 10980 11520 12420 15840 16740 20160
3398 17 0 900 2880 3780 4320 5220 7200 8100 10080 10980 14400 15300 15840 16740 17280 18180 20160
8093 13 1440 2340 5760 6660 7200 8100 10080 10980 11520 12420 12960 13860 20160
4921 19 0 900 4320 5220 5760 6660 7200 8100 10080 10980 11520 12420 12960 13860 15840 16740 17280 18180 20160
rackdeVideo 3
rackdeEndoscopia 1
microscópiOftalmo 1
microscopioNeuro 1
plataformaArgonio 1
mesasTracaoOrtopédica 2
mesasArticuladas 2
perneiraPosicaoGine 1
arcoCirurgico 2
ultrassom 1
774691 1 1372 1 0 4 0 0 176 60 15 0 0000000000 1 1 208 60 15 30 1000000000 2 3 44 60 25 30 0000000000 3 0 2100 60 15 30 0000000000
389051 0 3435 2 0 4 0 0 181 60 15 0 0000000000 1 1 227 60 15 30 0000010000 2 3 49 60 25 30 0000000000 3 0 2500 60 15 30 0000000000
559029 10 7765 3 0 4 0 0 181 60 15 0 0000000000 1 1 170 60 15 30 0000001000 2 3 51 60 25 30 0000000000 3 0 2239 60 15 30 0000000000
561029 8 3435 2 0 4 0 0 183 60 15 0 0000000000 1 1 219 60 15 30 0000000011 2 3 52 60 25 30 0000000000 3 0 2563 60 15 30 0000000000
666543 3 1372 2 0 5 0 0 178 60 15 0 0000000000 1 1 136 60 15 30 1100000000 2 2 85 30 20 30 0000000000 3 3 50 60 25 30 0000000000 4 0 1848 60 15 30 0000000000
857179 2 7891 3 1440 4 0 0 184 60 15 0 0000000000 1 1 126 60 15 30 1000000100 2 3 55 60 25 30 0000000000 3 0 1584 60 15 30 0000000000
382733 11 6113 2 0 5 0 0 174 60 15 0 0000000000 1 1 267 60 15 30 0100000010 2 2 87 30 20 30 0000000000 3 3 60 60 25 30 0000000000 4 0 3447 60 15 30 0000000000
585909 5 8315 1 0 4 0 0 184 60 15 0 0000000000 1 1 201 60 15 30 1000000000 2 3 46 60 25 30 0000000000 3 0 2365 60 15 30 0000000000
876312 2 6795 3 0 4 0 0 179 60 15 0 0000000000 1 1 117 60 15 30 1000000100 2 3 53 60 25 30 0000000000 3 0 1606 60 15 30 0000000000
472861 5 4783 2 0 4 0 0 178 60 15 0 0000000000 1 1 188 60 15 30 1000000000 2 3 38 60 25 30 0000000000 3 0 2350 60 15 30 0000000000
415828 4 2365 1 0 4 0 0 180 60 15 0 0000000000 1 1 222 60 15 30 0000000010 2 3 50 60 25 30 0000000000 3 0 2676 60 15 30 0000000000
704988 10 8315 2 0 4 0 0 177 60 15 0 0000000000 1 1 178 60 15 30 0000001000 2 3 52 60 25 30 0000000000 3 0 2231 60 15 30 0000000000
314124 0 5959 2 1440 4 0 0 181 60 15 0 0000000000 1 1 237 60 15 30 0000010000 2 3 41 60 25 30 0000000000 3 0 2509 60 15 30 0000000000
731342 6 7656 3 0 5 0 0 183 60 15 0 0000000000 1 1 179 60 15 30 0010100000 2 2 85 30 20 30 0000000000 3 3 55 60 25 30 0000000000 4 0 2159 60 15 30 0000000000
352869 1 6617 3 0 4 0 0 180 60 15 0 0000000000 1 1 222 60 15 30 1000000000 2 3 51 60 25 30 0000000000 3 0 2082 60 15 30 0000000000
496164 9 9310 3 1440 5 0 0 177 60 15 0 0000000000 1 1 300 60 15 30 0000001000 2 2 82 30 20 30 0000000000 3 3 58 60 25 30 0000000000 4 0 3352 60 15 30 0000000000
666110 3 3727 2 0 5 0 0 181 60 15 0 0000000000 1 1 149 60 15 30 1100000000 2 2 81 30 20 30 0000000000 3 3 48 60 25 30 0000000000 4 0 1845 60 15 30 0000000000
124891 1 1610 3 0 4 0 0 179 60 15 0 0000000000 1 1 203 60 15 30 1000000000 2 3 49 60 25 30 0000000000 3 0 2093 60 15 30 0000000000
124576 3 5233 2 1440 5 0 0 180 60 15 0 0000000000 1 1 155 60 15 30 1100000000 2 2 96 30 20 30 0000000000 3 3 50 60 25 30 0000000000 4 0 1834 60 15 30 0000000000
812222 10 8915 2 0 4 0 0 179 60 15 0 0000000000 1 1 186 60 15 30 0000001000 2 3 45 60 25 30 0000000000 3 0 2153 60 15 30 0000000000
404372 10 2365 3 0 4 0 0 176 60 15 0 0000000000 1 1 185 60 15 30 0000001000 2 3 52 60 25 30 0000000000 3 0 2223 60 15 30 0000000000
165632 1 9510 2 0 4 0 0 182 60 15 0 0000000000 1 1 237 60 15 30 1000000000 2 3 54 60 25 30 0000000000 3 0 2106 60 15 30 0000000000
890388 1 8915 2 0 4 0 0 180 60 15 0 0000000000 1 1 200 60 15 30 1000000000 2 3 51 60 25 30 0000000000 3 0 2075 60 15 30 0000000000
141333 0 3013 2 0 4 0 0 181 60 15 0 0000000000 1 1 208 60 15 30 0000010000 2 3 58 60 25 30 0000000000 3 0 2486 60 15 30 0000000000
429224 2 3398 3 0 4 0 0 182 60 15 0 0000000000 1 1 125 60 15 30 1000000100 2 3 53 60 25 30 0000000000 3 0 1605 60 15 30 0000000000
645999 5 6113 1 1440 4 0 0 181 60 15 0 0000000000 1 1 205 60 15 30 1000000000 2 3 49 60 25 30 0000000000 3 0 2334 60 15 30 0000000000
303242 5 9310 1 0 4 0 0 177 60 15 0 0000000000 1 1 181 60 15 30 1000000000 2 3 51 60 25 30 0000000000 3 0 2377 60 15 30 0000000000
549970 5 5959 3 0 4 0 0 179 60 15 0 0000000000 1 1 202 60 15 30 1000000000 2 3 61 60 25 30 0000000000 3 0 2350 60 15 30 0000000000
587537 9 7894 3 0 5 0 0 186 60 15 0 0000000000 1 1 282 60 15 30 0000001000 2 2 110 30 20 30 0000000000 3 3 50 60 25 30 0000000000 4 0 3276 60 15 30 0000000000
838283 2 7765 3 0 4 0 0 180 60 15 0 0000000000 1 1 106 60 15 30 1000000100 2 3 46 60 25 30 0000000000 3 0 1583 60 15 30 0000000000
838532 7 7765 3 1440 4 0 0 187 60 15 0 0000000000 1 1 216 60 15 30 0001000000 2 3 50 60 25 30 0000000000 3 0 2601 60 15 30 0000000000
687589 1 1372 2 0 4 0 0 182 60 15 0 0000000000 1 1 228 60 15 30 1000000000 2 3 52 60 25 30 0000000000 3 0 2121 60 15 30 0000000000
496659 1 7894 2 0 4 0 0 173 60 15 0 0000000000 1 1 223 60 15 30 1000000000 2 3 52 60 25 30 0000000000 3 0 2092 60 15 30 0000000000
607480 8 6795 3 1440 4 0 0 178 60 15 0 0000000000 1 1 220 60 15 30 0000000011 2 3 48 60 25 30 0000000000 3 0 2565 60 15 30 0000000000
652740 2 1610 1 0 4 0 0 185 60 15 0 0000000000 1 1 128 60 15 30 1000000100 2 3 43 60 25 30 0000000000 3 0 1596 60 15 30 0000000000
190075 2 1610 1 0 4 0 0 181 60 15 0 0000000000 1 1 129 60 15 30 1000000100 2 3 51 60 25 30 0000000000 3 0 1588 60 15 30 0000000000
728045 9 3714 1 0 5 0 0 178 60 15 0 0000000000 1 1 300 60 15 30 0000001000 2 2 90 30 20 30 0000000000 3 3 49 60 25 30 0000000000 4 0 3381 60 15 30 0000000000
770043 0 6847 1 0 4 0 0 185 60 15 0 0000000000 1 1 231 60 15 30 0000010000 2 3 43 60 25 30 0000000000 3 0 2489 60 15 30 0000000000
480772 5 6795 1 1440 4 0 0 173 60 15 0 0000000000 1 1 198 60 15 30 1000000000 2 3 50 60 25 30 0000000000 3 0 2338 60 15 30 0000000000
632385 0 8315 2 0 4 0 0 180 60 15 0 0000000000 1 1 244 60 15 30 0000010000 2 3 56 60 25 30 0000000000 3 0 2516 60 15 30 0000000000
918800 1 3398 1 0 4 0 0 177 60 15 0 0000000000 1 1 204 60 15 30 1000000000 2 3 48 60 25 30 0000000000 3 0 2047 60 15 30 0000000000
637781 0 7795 3 0 4 0 0 179 60 15 0 0000000000 1 1 216 60 15 30 0000010000 2 3 45 60 25 30 0000000000 3 0 2506 60 15 30 0000000000
543600 1 3727 2 1440 4 0 0 174 60 15 0 0000000000 1 1 217 60 15 30 1000000000 2 3 53 60 25 30 0000000000 3 0 2080 60 15 30 0000000000
154411 9 7758 1 0 5 0 0 187 60 15 0 0000000000 1 1 285 60 15 30 0000001000 2 2 83 30 20 30 0000000000 3 3 44 60 25 30 0000000000 4 0 3362 60 15 30 0000000000
722280 5 8936 2 0 4 0 0 176 60 15 0 0000000000 1 1 171 60 15 30 1000000000 2 3 44 60 25 30 0000000000 3 0 2330 60 15 30 0000000000
324974 6 7891 2 0 5 0 0 177 60 15 0 0000000000 1 1 193 60 15 30 0010100000 2 2 88 30 20 30 0000000000 3 3 54 60 25 30 0000000000 4 0 2058 60 15 30 0000000000
299704 6 3398 2 0 5 0 0 178 60 15 0 0000000000 1 1 175 60 15 30 0010100000 2 2 99 30 20 30 0000000000 3 3 48 60 25 30 0000000000 4 0 2056 60 15 30 0000000000
532894 1 4921 1 0 4 0 0 182 60 15 0 0000000000 1 1 220 60 15 30 1000000000 2 3 42 60 25 30 0000000000 3 0 2093 60 15 30 0000000000
435460 8 3727 1 1440 4 0 0 185 60 15 0 0000000000 1 1 207 60 15 30 0000000011 2 3 48 60 25 30 0000000000 3 0 2572 60 15 30 0000000000
343827 3 9310 3 1440 5 0 0 175 60 15 0 0000000000 1 1 178 60 15 30 1100000000 2 2 96 30 20 30 0000000000 3 3 46 60 25 30 0000000000 4 0 1852 60 15 30 0000000000
841091 6 5460 1 0 5 0 0 178 60 15 0 0000000000 1 1 191 60 15 30 0010100000 2 2 103 30 20 30 0000000000 3 3 57 60 25 30 0000000000 4 0 2008 60 15 30 0000000000
657844 6 8936 3 0 5 0 0 178 60 15 0 0000000000 1 1 175 60 15 30 0010100000 2 2 90 30 20 30 0000000000 3 3 53 60 25 30 0000000000 4 0 2079 60 15 30 0000000000
311980 5 7765 2 0 4 0 0 183 60 15 0 0000000000 1 1 198 60 15 30 1000000000 2 3 49 60 25 30 0000000000 3 0 2394 60 15 30 0000000000
953956 8 6617 1 0 4 0 0 183 60 15 0 0000000000 1 1 208 60 15 30 0000000011 2 3 47 60 25 30 0000000000 3 0 2617 60 15 30 0000000000
201300 5 3013 3 0 4 0 0 176 60 15 0 0000000000 1 1 186 60 15 30 1000000000 2 3 49 60 25 30 0000000000 3 0 2308 60 15 30 0000000000
835906 5 3435 3 1440 4 0 0 180 60 15 0 0000000000 1 1 173 60 15 30 1000000000 2 3 46 60 25 30 0000000000 3 0 2356 60 15 30 0000000000
141643 4 5460 2 0 4 0 0 175 60 15 0 0000000000 1 1 230 60 15 30 0000000010 2 3 49 60 25 30 0000000000 3 0 2756 60 15 30 0000000000
753490 2 4783 1 0 4 0 0 180 60 15 0 0000000000 1 1 123 60 15 30 1000000100 2 3 51 60 25 30 0000000000 3 0 1613 60 15 30 0000000000
791241 1 9762 1 0 4 0 0 179 60 15 0 0000000000 1 1 207 60 15 30 1000000000 2 3 45 60 25 30 0000000000 3 0 2123 60 15 30 0000000000
852956 6 7656 2 0 5 0 0 177 60 15 0 0000000000 1 1 165 60 15 30 0010100000 2 2 92 30 20 30 0000000000 3 3 41 60 25 30 0000000000 4 0 1991 60 15 30 0000000000
769825 3 7765 2 0 5 0 0 183 60 15 0 0000000000 1 1 164 60 15 30 1100000000 2 2 81 30 20 30 0000000000 3 3 45 60 25 30 0000000000 4 0 1806 60 15 30 0000000000
559541 3 6957 2 0 5 0 0 192 60 15 0 0000000000 1 1 154 60 15 30 1100000000 2 2 91 30 20 30 0000000000 3 3 47 60 25 30 0000000000 4 0 1884 60 15 30 0000000000
341359 3 6113 1 0 5 0 0 179 60 15 0 0000000000 1 1 155 60 15 30 1100000000 2 2 91 30 20 30 0000000000 3 3 52 60 25 30 0000000000 4 0 1849 60 15 30 0000000000
672515 1 7795 3 0 4 0 0 180 60 15 0 0000000000 1 1 208 60 15 30 1000000000 2 3 46 60 25 30 0000000000 3 0 2113 60 15 30 0000000000
738392 7 9310 1 1440 4 0 0 177 60 15 0 0000000000 1 1 214 60 15 30 0001000000 2 3 53 60 25 30 0000000000 3 0 2556 60 15 30 0000000000
912587 2 2678 2 0 4 0 0 179 60 15 0 0000000000 1 1 117 60 15 30 1000000100 2 3 48 60 25 30 0000000000 3 0 1601 60 15 30 0000000000
609874 1 8936 1 0 4 0 0 182 60 15 0 0000000000 1 1 217 60 15 30 1000000000 2 3 45 60 25 30 0000000000 3 0 2044 60 15 30 0000000000
581367 0 8915 3 0 4 0 0 181 60 15 0 0000000000 1 1 201 60 15 30 0000010000 2 3 44 60 25 30 0000000000 3 0 2510 60 15 30 0000000000
491532 0 5460 2 0 4 0 0 174 60 15 0 0000000000 1 1 230 60 15 30 0000010000 2 3 32 60 25 30 0000000000 3 0 2481 60 15 30 0000000000
706149 1 8936 3 0 4 0 0 170 60 15 0 0000000000 1 1 234 60 15 30 1000000000 2 3 46 60 25 30 0000000000 3 0 2114 60 15 30 0000000000
692367 7 8915 2 0 4 0 0 178 60 15 0 0000000000 1 1 203 60 15 30 0001000000 2 3 45 60 25 30 0000000000 3 0 2708 60 15 30 0000000000
386325 0 8356 1 1440 4 0 0 180 60 15 0 0000000000 1 1 219 60 15 30 0000010000 2 3 48 60 25 30 0000000000 3 0 2476 60 15 30 0000000000
728328 1 7891 2 0 4 0 0 183 60 15 0 0000000000 1 1 214 60 15 30 1000000000 2 3 52 60 25 30 0000000000 3 0 2143 60 15 30 0000000000
306514 1 2678 2 0 4 0 0 180 60 15 0 0000000000 1 1 227 60 15 30 1000000000 2 3 54 60 25 30 0000000000 3 0 2132 60 15 30 0000000000
635731 9 5460 1 0 5 0 0 187 60 15 0 0000000000 1 1 285 60 15 30 0000001000 2 2 95 30 20 30 0000000000 3 3 56 60 25 30 0000000000 4 0 3402 60 15 30 0000000000
659265 5 7765 2 0 4 0 0 174 60 15 0 0000000000 1 1 205 60 15 30 1000000000 2 3 55 60 25 30 0000000000 3 0 2360 60 15 30 0000000000
860574 5 5510 3 0 4 0 0 180 60 15 0 0000000000 1 1 208 60 15 30 1000000000 2 3 53 60 25 30 0000000000 3 0 2352 60 15 30 0000000000
318574 0 5510 2 0 4 0 0 182 60 15 0 0000000000 1 1 226 60 15 30 0000010000 2 3 44 60 25 30 0000000000 3 0 2463 60 15 30 0000000000
352721 5 4878 1 0 4 0 0 186 60 15 0 0000000000 1 1 207 60 15 30 1000000000 2 3 51 60 25 30 0000000000 3 0 2299 60 15 30 0000000000
693508 4 8315 1 0 4 0 0 187 60 15 0 0000000000 1 1 226 60 15 30 0000000010 2 3 54 60 25 30 0000000000 3 0 2750 60 15 30 0000000000
848516 0 7758 2 0 4 0 0 176 60 15 0 0000000000 1 1 230 60 15 30 0000010000 2 3 53 60 25 30 0000000000 3 0 2508 60 15 30 0000000000
250772 4 6617 3 0 4 0 0 177 60 15 0 0000000000 1 1 201 60 15 30 0000000010 2 3 65 60 25 30 0000000000 3 0 2741 60 15 30 0000000000
325375 5 9762 1 0 4 0 0 179 60 15 0 0000000000 1 1 194 60 15 30 1000000000 2 3 42 60 25 30 0000000000 3 0 2358 60 15 30 0000000000
474305 0 9968 2 0 4 0 0 177 60 15 0 0000000000 1 1 215 60 15 30 0000010000 2 3 44 60 25 30 0000000000 3 0 2476 60 15 30 0000000000
459819 4 6957 2 1440 4 0 0 189 60 15 0 0000000000 1 1 233 60 15 30 0000000010 2 3 45 60 25 30 0000000000 3 0 2669 60 15 30 0000000000
499242 4 9968 3 1440 4 0 0 180 60 15 0 0000000000 1 1 233 60 15 30 0000000010 2 3 38 60 25 30 0000000000 3 0 2678 60 15 30 0000000000
875229 7 9968 3 0 4 0 0 180 60 15 0 0000000000 1 1 230 60 15 30 0001000000 2 3 43 60 25 30 0000000000 3 0 2584 60 15 30 0000000000
790858 8 6847 1 1440 4 0 0 182 60 15 0 0000000000 1 1 214 60 15 30 0000000011 2 3 48 60 25 30 0000000000 3 0 2512 60 15 30 0000000000
153014 7 4878 3 0 4 0 0 176 60 15 0 0000000000 1 1 227 60 15 30 0001000000 2 3 51 60 25 30 0000000000 3 0 2630 60 15 30 0000000000
233451 0 9762 1 1440 4 0 0 180 60 15 0 0000000000 1 1 221 60 15 30 0000010000 2 3 42 60 25 30 0000000000 3 0 2512 60 15 30 0000000000
580306 3 9968 2 0 5 0 0 171 60 15 0 0000000000 1 1 160 60 15 30 1100000000 2 2 81 30 20 30 0000000000 3 3 38 60 25 30 0000000000 4 0 1868 60 15 30 0000000000
218357 1 8093 1 0 4 0 0 183 60 15 0 0000000000 1 1 221 60 15 30 1000000000 2 3 53 60 25 30 0000000000 3 0 2151 60 15 30 0000000000
795677 8 1372 2 0 4 0 0 183 60 15 0 0000000000 1 1 202 60 15 30 0000000011 2 3 43 60 25 30 0000000000 3 0 2625 60 15 30 0000000000
754460 0 3727 3 0 4 0 0 181 60 15 0 0000000000 1 1 234 60 15 30 0000010000 2 3 43 60 25 30 0000000000 3 0 2493 60 15 30 0000000000
301588 2 5233 2 0 4 0 0 183 60 15 0 0000000000 1 1 126 60 15 30 1000000100 2 3 41 60 25 30 0000000000 3 0 1577 60 15 30 0000000000
230700 5 8356 2 0 4 0 0 183 60 15 0 0000000000 1 1 188 60 15 30 1000000000 2 3 58 60 25 30 0000000000 3 0 2461 60 15 30 0000000000
914240 10 7765 2 0 4 0 0 181 60 15 0 0000000000 1 1 183 60 15 30 0000001000 2 3 47 60 25 30 0000000000 3 0 2211 60 15 30 0000000000
721414 10 5233 1 1440 4 0 0 183 60 15 0 0000000000 1 1 182 60 15 30 0000001000 2 3 48 60 25 30 0000000000 3 0 2184 60 15 30 0000000000
907209 2 7765 3 0 4 0 0 184 60 15 0 0000000000 1 1 141 60 15 30 1000000100 2 3 52 60 25 30 0000000000 3 0 1596 60 15 30 0000000000
115245 1 7765 3 0 4 0 0 180 60 15 0 0000000000 1 1 226 60 15 30 1000000000 2 3 45 60 25 30 0000000000 3 0 2067 60 15 30 0000000000
692947 9 9968 1 0 5 0 0 180 60 15 0 0000000000 1 1 258 60 15 30 0000001000 2 2 90 30 20 30 0000000000 3 3 63 60 25 30 0000000000 4 0 3396 60 15 30 0000000000
420615 0 7795 3 0 4 0 0 183 60 15 0 0000000000 1 1 254 60 15 30 0000010000 2 3 51 60 25 30 0000000000 3 0 2481 60 15 30 0000000000
198376 0 2365 3 0 4 0 0 178 60 15 0 0000000000 1 1 218 60 15 30 0000010000 2 3 57 60 25 30 0000000000 3 0 2465 60 15 30 0000000000
580940 2 5510 3 0 4 0 0 179 60 15 0 0000000000 1 1 128 60 15 30 1000000100 2 3 47 60 25 30 0000000000 3 0 1607 60 15 30 0000000000
551760 7 3727 3 0 4 0 0 178 60 15 0 0000000000 1 1 221 60 15 30 0001000000 2 3 49 60 25 30 0000000000 3 0 2573 60 15 30 0000000000
361386 8 7894 2 0 4 0 0 181 60 15 0 0000000000 1 1 215 60 15 30 0000000011 2 3 44 60 25 30 0000000000 3 0 2579 60 15 30 0000000000
699705 1 8936 1 0 4 0 0 177 60 15 0 0000000000 1 1 220 60 15 30 1000000000 2 3 56 60 25 30 0000000000 3 0 2088 60 15 30 0000000000
577640 1 1372 1 1440 4 0 0 175 60 15 0 0000000000 1 1 206 60 15 30 1000000000 2 3 46 60 25 30 0000000000 3 0 2090 60 15 30 0000000000
705620 9 5959 2 0 5 0 0 173 60 15 0 0000000000 1 1 296 60 15 30 0000001000 2 2 96 30 20 30 0000000000 3 3 52 60 25 30 0000000000 4 0 3366 60 15 30 0000000000
652089 10 1372 2 0 4 0 0 186 60 15 0 0000000000 1 1 179 60 15 30 0000001000 2 3 43 60 25 30 0000000000 3 0 2150 60 15 30 0000000000
441791 1 7894 2 0 4 0 0 178 60 15 0 0000000000 1 1 207 60 15 30 1000000000 2 3 51 60 25 30 0000000000 3 0 2083 60 15 30 0000000000
640570 0 2365 1 0 4 0 0 173 60 15 0 0000000000 1 1 227 60 15 30 0000010000 2 3 55 60 25 30 0000000000 3 0 2497 60 15 30 0000000000
203619 0 8936 2 1440 4 0 0 183 60 15 0 0000000000 1 1 229 60 15 30 0000010000 2 3 52 60 25 30 0000000000 3 0 2484 60 15 30 0000000000
322404 7 8356 1 1440 4 0 0 179 60 15 0 0000000000 1 1 222 60 15 30 0001000000 2 3 50 60 25 30 0000000000 3 0 2618 60 15 30 0000000000
173427 5 2678 2 0 4 0 0 181 60 15 0 0000000000 1 1 188 60 15 30 1000000000 2 3 49 60 25 30 0000000000 3 0 2342 60 15 30 0000000000
217916 0 7656 2 1440 4 0 0 179 60 15 0 0000000000 1 1 240 60 15 30 0000010000 2 3 57 60 25 30 0000000000 3 0 2505 60 15 30 0000000000
713885 2 3398 3 0 4 0 0 186 60 15 0 0000000000 1 1 124 60 15 30 1000000100 2 3 54 60 25 30 0000000000 3 0 1607 60 15 30 0000000000
196970 7 3727 2 1440 4 0 0 177 60 15 0 0000000000 1 1 215 60 15 30 0001000000 2 3 50 60 25 30 0000000000 3 0 2612 60 15 30 0000000000
668536 6 5233 1 1440 5 0 0 177 60 15 0 0000000000 1 1 191 60 15 30 0010100000 2 2 91 30 20 30 0000000000 3 3 46 60 25 30 0000000000 4 0 2043 60 15 30 0000000000
423442 0 1372 3 0 4 0 0 181 60 15 0 0000000000 1 1 229 60 15 30 0000010000 2 3 51 60 25 30 0000000000 3 0 2485 60 15 30 0000000000
419654 8 6315 2 1440 4 0 0 173 60 15 0 0000000000 1 1 226 60 15 30 0000000011 2 3 46 60 25 30 0000000000 3 0 2617 60 15 30 0000000000
295792 6 5233 1 0 5 0 0 183 60 15 0 0000000000 1 1 164 60 15 30 0010100000 2 2 66 30 20 30 0000000000 3 3 46 60 25 30 0000000000 4 0 2089 60 15 30 0000000000
854180 5 3013 3 0 4 0 0 179 60 15 0 0000000000 1 1 193 60 15 30 1000000000 2 3 43 60 25 30 0000000000 3 0 2345 60 15 30 0000000000
235406 4 3013 2 0 4 0 0 180 60 15 0 0000000000 1 1 232 60 15 30 0000000010 2 3 59 60 25 30 0000000000 3 0 2682 60 15 30 0000000000
571127 9 7891 3 1440 5 0 0 176 60 15 0 0000000000 1 1 277 60 15 30 0000001000 2 2 90 30 20 30 0000000000 3 3 50 60 25 30 0000000000 4 0 3321 60 15 30 0000000000
336122 2 9968 3 0 4 0 0 180 60 15 0 0000000000 1 1 135 60 15 30 1000000100 2 3 42 60 25 30 0000000000 3 0 1606 60 15 30 0000000000
497366 0 6113 3 0 4 0 0 181 60 15 0 0000000000 1 1 232 60 15 30 0000010000 2 3 57 60 25 30 0000000000 3 0 2418 60 15 30 0000000000
445886 4 3727 2 0 4 0 0 176 60 15 0 0000000000 1 1 234 60 15 30 0000000010 2 3 53 60 25 30 0000000000 3 0 2741 60 15 30 0000000000
590820 1 8093 3 0 4 0 0 174 60 15 0 0000000000 1 1 235 60 15 30 1000000000 2 3 51 60 25 30 0000000000 3 0 2064 60 15 30 0000000000
916404 1 2678 3 0 4 0 0 177 60 15 0 0000000000 1 1 225 60 15 30 1000000000 2 3 49 60 25 30 0000000000 3 0 2072 60 15 30 0000000000
846066 4 3727 3 0 4 0 0 179 60 15 0 0000000000 1 1 222 60 15 30 0000000010 2 3 50 60 25 30 0000000000 3 0 2810 60 15 30 0000000000
991554 0 6795 2 0 4 0 0 179 60 15 0 0000000000 1 1 222 60 15 30 0000010000 2 3 40 60 25 30 0000000000 3 0 2504 60 15 30 0000000000
543707 1 8093 3 1440 4 0 0 181 60 15 0 0000000000 1 1 215 60 15 30 1000000000 2 3 45 60 25 30 0000000000 3 0 2111 60 15 30 0000000000
388329 2 1372 1 0 4 0 0 173 60 15 0 0000000000 1 1 125 60 15 30 1000000100 2 3 41 60 25 30 0000000000 3 0 1630 60 15 30 0000000000
326792 4 5959 1 0 4 0 0 183 60 15 0 0000000000 1 1 224 60 15 30 0000000010 2 3 59 60 25 30 0000000000 3 0 2760 60 15 30 0000000000
691496 0 1372 1 0 4 0 0 184 60 15 0 0000000000 1 1 218 60 15 30 0000010000 2 3 44 60 25 30 0000000000 3 0 2475 60 15 30 0000000000
169641 10 9510 2 0 4 0 0 178 60 15 0 0000000000 1 1 177 60 15 30 0000001000 2 3 46 60 25 30 0000000000 3 0 2250 60 15 30 0000000000
877232 0 6617 1 0 4 0 0 176 60 15 0 0000000000 1 1 206 60 15 30 0000010000 2 3 46 60 25 30 0000000000 3 0 2510 60 15 30 0000000000
481275 2 5510 3 0 4 0 0 177 60 15 0 0000000000 1 1 121 60 15 30 1000000100 2 3 56 60 25 30 0000000000 3 0 1573 60 15 30 0000000000
709163 5 8315 1 1440 4 0 0 187 60 15 0 0000000000 1 1 208 60 15 30 1000000000 2 3 42 60 25 30 0000000000 3 0 2359 60 15 30 0000000000
663289 4 1372 2 0 4 0 0 179 60 15 0 0000000000 1 1 221 60 15 30 0000000010 2 3 52 60 25 30 0000000000 3 0 2683 60 15 30 0000000000
194383 0 4878 2 0 4 0 0 183 60 15 0 0000000000 1 1 245 60 15 30 0000010000 2 3 51 60 25 30 0000000000 3 0 2518 60 15 30 0000000000
808528 0 8356 3 1440 4 0 0 183 60 15 0 0000000000 1 1 203 60 15 30 0000010000 2 3 53 60 25 30 0000000000 3 0 2485 60 15 30 0000000000
863964 4 4878 2 1440 4 0 0 177 60 15 0 0000000000 1 1 227 60 15 30 0000000010 2 3 53 60 25 30 0000000000 3 0 2693 60 15 30 0000000000
585279 1 7795 2 0 4 0 0 171 60 15 0 0000000000 1 1 217 60 15 30 1000000000 2 3 57 60 25 30 0000000000 3 0 2105 60 15 30 0000000000
310216 0 6847 1 0 4 0 0 186 60 15 0 0000000000 1 1 208 60 15 30 0000010000 2 3 51 60 25 30 0000000000 3 0 2526 60 15 30 0000000000
560062 3 7891 2 0 5 0 0 177 60 15 0 0000000000 1 1 169 60 15 30 1100000000 2 2 86 30 20 30 0000000000 3 3 40 60 25 30 0000000000 4 0 1861 60 15 30 0000000000
954501 4 2678 1 0 4 0 0 183 60 15 0 0000000000 1 1 235 60 15 30 0000000010 2 3 49 60 25 30 0000000000 3 0 2712 60 15 30 0000000000
607746 4 6795 2 0 4 0 0 182 60 15 0 0000000000 1 1 222 60 15 30 0000000010 2 3 50 60 25 30 0000000000 3 0 2702 60 15 30 0000000000
962764 0 4878 3 0 4 0 0 171 60 15 0 0000000000 1 1 215 60 15 30 0000010000 2 3 54 60 25 30 0000000000 3 0 2473 60 15 30 0000000000
331727 5 6957 3 0 4 0 0 181 60 15 0 0000000000 1 1 191 60 15 30 1000000000 2 3 40 60 25 30 0000000000 3 0 2346 60 15 30 0000000000
170661 5 5460 3 0 4 0 0 187 60 15 0 0000000000 1 1 194 60 15 30 1000000000 2 3 42 60 25 30 0000000000 3 0 2329 60 15 30 0000000000
955145 0 6617 2 0 4 0 0 180 60 15 0 0000000000 1 1 225 60 15 30 0000010000 2 3 55 60 25 30 0000000000 3 0 2507 60 15 30 0000000000
469877 5 7891 1 0 4 0 0 177 60 15 0 0000000000 1 1 185 60 15 30 1000000000 2 3 54 60 25 30 0000000000 3 0 2378 60 15 30 0000000000
447439 3 1610 2 0 5 0 0 178 60 15 0 0000000000 1 1 154 60 15 30 1100000000 2 2 97 30 20 30 0000000000 3 3 44 60 25 30 0000000000 4 0 1887 60 15 30 0000000000
693302 2 6795 2 1440 4 0 0 173 60 15 0 0000000000 1 1 134 60 15 30 1000000100 2 3 57 60 25 30 0000000000 3 0 1582 60 15 30 0000000000
713142 0 6315 2 0 4 0 0 180 60 15 0 0000000000 1 1 230 60 15 30 0000010000 2 3 47 60 25 30 0000000000 3 0 2478 60 15 30 0000000000
917384 4 8356 3 0 4 0 0 188 60 15 0 0000000000 1 1 227 60 15 30 0000000010 2 3 48 60 25 30 0000000000 3 0 2663 60 15 30 0000000000
351678 1 4783 1 0 4 0 0 178 60 15 0 0000000000 1 1 224 60 15 30 1000000000 2 3 39 60 25 30 0000000000 3 0 2097 60 15 30 0000000000
19321 0 0
15165 0 0
16026 0 1440
17316 0 0
18940 0 0
16902 0 1440
13636 0 1440
12530 0 0
13306 0 1440
17850 0 1440
10208 0 0
16487 0 0
15396 0 0
10422 0 1440
18579 0 0
11538 0 0
19421 0 1440
17429 0 0
12675 0 1440
10131 0 0
18283 0 0
10118 0 0
12542 0 0
16978 0 0
10819 0 0
18423 0 0
15281 0 0
10616 0 0
19996 0 0
18391 0 0
14287 0 0
14161 0 0
12254 0 0
15058 0 0
12336 0 0
16309 0 0
13467 0 1440
15097 0 0
17701 0 1440
12167 0 0
10856 0 0
18343 0 0
18003 0 0
10784 0 0
16594 0 0
12917 0 0
19753 0 1440
18190 0 1440
19101 0 0
17670 0 0
13750 0 0
14310 0 1440
15656 0 0
17974 0 1440
15504 0 0
13191 0 0
15331 0 0
16580 0 0
11873 0 0
10932 0 0
13014 0 0
13650 0 0
18456 0 0
17849 0 0
18364 0 0
10820 0 0
12883 0 0
10949 0 0
15979 0 0
17686 0 0
13837 0 0
12195 0 1440
12387 0 0
15870 0 0
10392 0 0
18100 0 0
12490 0 0
17992 0 0
18191 0 1440
11614 0 0
11295 0 0
16412 0 0
15970 0 0
16651 0 0
12623 0 0
10924 0 0
17263 0 0
19806 0 0
16416 0 0
33281 1 111110101110 21 0 900 1440 2340 2880 3780 4320 5220 5760 6660 10080 10980 11520 12420 12960 13860 14400 15300 15840 16740 20160
34683 1 111100111001 21 0 900 1440 2340 2880 3780 4320 5220 5760 6660 10080 10980 11520 12420 12960 13860 14400 15300 15840 16740 20160
27182 1 111111110111 21 0 900 1440 2340 2880 3780 4320 5220 5760 6660 10080 10980 11520 12420 12960 13860 14400 15300 15840 16740 20160
31649 1 111010111111 21 0 900 1440 2340 2880 3780 4320 5220 5760 6660 10080 10980 11520 12420 12960 13860 14400 15300 15840 16740 20160
48839 1 111111111110 21 0 900 1440 2340 2880 3780 4320 5220 5760 6660 10080 10980 11520 12420 12960 13860 14400 15300 15840 16740 20160
43021 1 111011111101 23 0 900 1440 2340 2880 3780 4320 5220 5760 6660 7300 7900 10080 10980 11520 12420 12960 13860 14400 15300 15840 16740 20160
52743 2 1 0
65297 2 1 0
69833 2 1 0
53120 2 1 0
88848 3 1 0
89419 3 1 0
93410 3 1 0
89703 3 1 0
95102 3 1 0
88640 3 1 0
