52 161 90 12 10
8013 15 1440 2340 4320 5220 11520 12420 12960 13860 14400 15300 15840 16740 17280 18180 20160
4513 23 0 900 1440 2340 2880 3780 4320 5220 5760 6660 10080 10980 11520 12420 12960 13860 14400 15300 15840 16740 17280 18180 20160
2107 25 0 900 1440 2340 2880 3780 4320 5220 5760 6660 7200 8100 10080 10980 11520 12420 12960 13860 14400 15300 15840 16740 17280 18180 20160
1871 11 1440 2340 2880 3780 7200 8100 10080 10980 11520 12420 20160
1167 21 0 900 1440 2340 2880 3780 4320 5220 5760 6660 11520 12420 12960 13860 14400 15300 15840 16740 17280 18180 20160
8477 23 0 900 1440 2340 4320 5220 5760 6660 7200 8100 10080 10980 11520 12420 12960 13860 14400 15300 15840 16740 17280 18180 20160
6913 21 0 900 2880 3780 4320 5220 5760 6660 7200 8100 10080 10980 11520 12420 12960 13860 14400 15300 15840 16740 20160
3637 11 1440 2340 2880 3780 4320 5220 11520 12420 14400 15300 20160
5512 15 0 900 4320 5220 5760 6660 7200 8100 12960 13860 15840 16740 17280 18180 20160
2806 19 0 900 2880 3780 4320 5220 7200 8100 10080 10980 11520 12420 12960 13860 15840 16740 17280 18180 20160
2266 19 0 900 1440 2340 2880 3780 4320 5220 7200 8100 10080 10980 11520 12420 12960 13860 14400 15300 20160
9797 21 0 900 1440 2340 2880 3780 5760 6660 7200 8100 10080 10980 11520 12420 14400 15300 15840 16740 17280 18180 20160
6431 13 0 900 2880 3780 4320 5220 5760 6660 12960 13860 14400 15300 20160
4123 19 1440 2340 2880 3780 4320 5220 5760 6660 7200 8100 11520 12420 12960 13860 14400 15300 17280 18180 20160
5125 17 0 900 2880 3780 4320 5220 5760 6660 7200 8100 11520 12420 12960 13860 14400 15300 20160
1631 17 2880 3780 4320 5220 5760 6660 11520 12420 12960 13860 14400 15300 15840 16740 17280 18180 20160
4649 21 0 900 1440 2340 2880 3780 4320 5220 5760 6660 7200 8100 10080 10980 11520 12420 12960 13860 17280 18180 20160
7911 17 0 900 1440 2340 4320 5220 5760 6660 10080 10980 11520 12420 12960 13860 17280 18180 20160
8988 19 0 900 2880 3780 4320 5220 5760 6660 7200 8100 11520 12420 12960 13860 15840 16740 17280 18180 20160
3290 17 0 900 4320 5220 5760 6660 10080 10980 11520 12420 12960 13860 14400 15300 17280 18180 20160
1240 19 1440 2340 2880 3780 4320 5220 5760 6660 7200 8100 10080 10980 11520 12420 12960 13860 14400 15300 20160
5893 19 1440 2340 2880 3780 5760 6660 7200 8100 10080 10980 11520 12420 14400 15300 15840 16740 17280 18180 20160
3366 11 2880 3780 5760 6660 7200 8100 15840 16740 17280 18180 20160
1259 21 0 900 1440 2340 2880 3780 5760 6660 7200 8100 10080 10980 12960 13860 14400 15300 15840 16740 17280 18180 20160
9767 13 1440 2340 4320 5220 7200 8100 10080 10980 12960 13860 15840 16740 20160
8648 19 0 900 1440 2340 2880 3780 4320 5220 7200 8100 10080 10980 11520 12420 15840 16740 17280 18180 20160
1562 23 1440 2340 2880 3780 4320 5220 5760 6660 7200 8100 10080 10980 11520 12420 12960 13860 14400 15300 15840 16740 17280 18180 20160
4926 15 0 900 1440 2340 5760 6660 7200 8100 10080 10980 11520 12420 17280 18180 20160
4214 21 0 900 4320 5220 5760 6660 7200 8100 10080 10980 11520 12420 12960 13860 14400 15300 15840 16740 17280 18180 20160
3400 19 0 900 1440 2340 2880 3780 4320 5220 7200 8100 10080 10980 11520 12420 12960 13860 14400 15300 20160
8681 19 0 900 2880 3780 4320 5220 5760 6660 7200 8100 11520 12420 12960 13860 14400 15300 15840 16740 20160
2142 13 5760 6660 7200 8100 11520 12420 12960 13860 14400 15300 15840 16740 20160
3719 17 0 900 4320 5220 7200 8100 11520 12420 12960 13860 14400 15300 15840 16740 17280 18180 20160
6942 23 0 900 1440 2340 2880 3780 4320 5220 5760 6660 7200 8100 10080 10980 11520 12420 12960 13860 14400 15300 15840 16740 20160
7233 19 0 900 1440 2340 4320 5220 5760 6660 10080 10980 12960 13860 14400 15300 15840 16740 17280 18180 20160
4139 21 0 900 1440 2340 2880 3780 4320 5220 5760 6660 11520 12420 12960 13860 14400 15300 15840 16740 17280 18180 20160
6503 15 2880 3780 4320 5220 5760 6660 12960 13860 14400 15300 15840 16740 17280 18180 20160
9250 21 0 900 1440 2340 2880 3780 5760 6660 7200 8100 10080 10980 11520 12420 12960 13860 15840 16740 17280 18180 20160
2712 19 0 900 1440 2340 2880 3780 4320 5220 5760 6660 10080 10980 11520 12420 12960 13860 14400 15300 20160
1912 15 0 900 1440 2340 2880 3780 5760 6660 7200 8100 15840 16740 17280 18180 20160
6674 15 2880 3780 4320 5220 7200 8100 11520 12420 12960 13860 14400 15300 17280 18180 20160
3582 19 0 900 1440 2340 2880 3780 4320 5220 5760 6660 10080 10980 14400 15300 15840 16740 17280 18180 20160
8580 17 0 900 2880 3780 4320 5220 5760 6660 10080 10980 11520 12420 14400 15300 15840 16740 20160
9755 15 4320 5220 5760 6660 7200 8100 10080 10980 11520 12420 14400 15300 17280 18180 20160
7502 17 0 900 1440 2340 2880 3780 4320 5220 5760 6660 7200 8100 10080 10980 15840 16740 20160
2861 21 0 900 1440 2340 2880 3780 4320 5220 5760 6660 7200 8100 11520 12420 14400 15300 15840 16740 17280 18180 20160
7533 19 1440 2340 4320 5220 5760 6660 7200 8100 10080 10980 11520 12420 14400 15300 15840 16740 17280 18180 20160
4352 17 1440 2340 4320 5220 5760 6660 10080 10980 12960 13860 14400 15300 15840 16740 17280 18180 20160
3078 21 0 900 1440 2340 2880 3780 4320 5220 5760 6660 7200 8100 10080 10980 11520 12420 12960 13860 14400 15300 20160
6120 17 0 900 1440 2340 4320 5220 7200 8100 10080 10980 12960 13860 15840 16740 17280 18180 20160
1708 19 0 900 1440 2340 2880 3780 4320 5220 5760 6660 7200 8100 10080 10980 12960 13860 15840 16740 20160
9751 13 0 900 1440 2340 2880 3780 10080 10980 11520 12420 12960 13860 20160
rackdeVideo 3
rackdeEndoscopia 1
microscópiOftalmo 1
microscopioNeuro 1
plataformaArgonio 1
mesasTracaoOrtopédica 2
mesasArticuladas 2
perneiraPosicaoGine 1
arcoCirurgico 2
ultrassom 1
879798 9 7911 1 1440 5 0 0 183 60 15 0 0000000000 1 1 282 60 15 30 0000001000 2 2 90 30 20 30 0000000000 3 3 43 60 25 30 0000000000 4 0 3430 60 15 30 0000000000
359355 5 3637 1 0 4 0 0 180 60 15 0 0000000000 1 1 178 60 15 30 1000000000 2 3 51 60 25 30 0000000000 3 0 2414 60 15 30 0000000000
112605 1 8648 1 0 4 0 0 179 60 15 0 0000000000 1 1 209 60 15 30 1000000000 2 3 56 60 25 30 0000000000 3 0 2090 60 15 30 0000000000
477778 0 6942 2 0 4 0 0 179 60 15 0 0000000000 1 1 221 60 15 30 0000010000 2 3 42 60 25 30 0000000000 3 0 2496 60 15 30 0000000000
340085 3 1240 1 1440 5 0 0 182 60 15 0 0000000000 1 1 168 60 15 30 1100000000 2 2 90 30 20 30 0000000000 3 3 63 60 25 30 0000000000 4 0 1832 60 15 30 0000000000
496809 7 4123 1 0 4 0 0 185 60 15 0 0000000000 1 1 214 60 15 30 0001000000 2 3 52 60 25 30 0000000000 3 0 2572 60 15 30 0000000000
139481 0 1631 2 0 4 0 0 188 60 15 0 0000000000 1 1 246 60 15 30 0000010000 2 3 46 60 25 30 0000000000 3 0 2523 60 15 30 0000000000
391937 1 8648 2 0 4 0 0 178 60 15 0 0000000000 1 1 221 60 15 30 1000000000 2 3 48 60 25 30 0000000000 3 0 2154 60 15 30 0000000000
550368 7 7233 1 0 4 0 0 179 60 15 0 0000000000 1 1 229 60 15 30 0001000000 2 3 48 60 25 30 0000000000 3 0 2653 60 15 30 0000000000
629339 5 3366 1 0 4 0 0 185 60 15 0 0000000000 1 1 183 60 15 30 1000000000 2 3 46 60 25 30 0000000000 3 0 2303 60 15 30 0000000000
987024 0 6503 3 1440 4 0 0 177 60 15 0 0000000000 1 1 217 60 15 30 0000010000 2 3 42 60 25 30 0000000000 3 0 2502 60 15 30 0000000000
119928 0 7533 2 0 4 0 0 180 60 15 0 0000000000 1 1 223 60 15 30 0000010000 2 3 45 60 25 30 0000000000 3 0 2483 60 15 30 0000000000
463708 1 6120 2 1440 4 0 0 175 60 15 0 0000000000 1 1 194 60 15 30 1000000000 2 3 54 60 25 30 0000000000 3 0 2107 60 15 30 0000000000
589486 4 1912 1 0 4 0 0 180 60 15 0 0000000000 1 1 229 60 15 30 0000000010 2 3 62 60 25 30 0000000000 3 0 2715 60 15 30 0000000000
544934 1 5512 3 1440 4 0 0 182 60 15 0 0000000000 1 1 199 60 15 30 1000000000 2 3 50 60 25 30 0000000000 3 0 2085 60 15 30 0000000000
414344 7 7502 2 0 4 0 0 175 60 15 0 0000000000 1 1 240 60 15 30 0001000000 2 3 61 60 25 30 0000000000 3 0 2641 60 15 30 0000000000
364247 5 1562 1 1440 4 0 0 180 60 15 0 0000000000 1 1 203 60 15 30 1000000000 2 3 65 60 25 30 0000000000 3 0 2374 60 15 30 0000000000
419594 0 1631 3 0 4 0 0 178 60 15 0 0000000000 1 1 235 60 15 30 0000010000 2 3 49 60 25 30 0000000000 3 0 2486 60 15 30 0000000000
836683 1 6503 2 0 4 0 0 178 60 15 0 0000000000 1 1 227 60 15 30 1000000000 2 3 47 60 25 30 0000000000 3 0 2097 60 15 30 0000000000
884911 0 1562 2 1440 4 0 0 175 60 15 0 0000000000 1 1 232 60 15 30 0000010000 2 3 60 60 25 30 0000000000 3 0 2478 60 15 30 0000000000
658844 2 7233 1 0 4 0 0 174 60 15 0 0000000000 1 1 133 60 15 30 1000000100 2 3 44 60 25 30 0000000000 3 0 1619 60 15 30 0000000000
420467 9 7533 2 0 5 0 0 183 60 15 0 0000000000 1 1 268 60 15 30 0000001000 2 2 98 30 20 30 0000000000 3 3 51 60 25 30 0000000000 4 0 3293 60 15 30 0000000000
169604 2 8988 1 0 4 0 0 181 60 15 0 0000000000 1 1 121 60 15 30 1000000100 2 3 51 60 25 30 0000000000 3 0 1614 60 15 30 0000000000
737791 0 6674 3 0 4 0 0 177 60 15 0 0000000000 1 1 218 60 15 30 0000010000 2 3 57 60 25 30 0000000000 3 0 2512 60 15 30 0000000000
200363 6 3582 3 0 5 0 0 182 60 15 0 0000000000 1 1 179 60 15 30 0010100000 2 2 82 30 20 30 0000000000 3 3 55 60 25 30 0000000000 4 0 2070 60 15 30 0000000000
905383 1 6431 2 0 4 0 0 184 60 15 0 0000000000 1 1 219 60 15 30 1000000000 2 3 46 60 25 30 0000000000 3 0 2124 60 15 30 0000000000
833591 5 2712 2 0 4 0 0 175 60 15 0 0000000000 1 1 196 60 15 30 1000000000 2 3 62 60 25 30 0000000000 3 0 2337 60 15 30 0000000000
198335 1 2861 3 0 4 0 0 179 60 15 0 0000000000 1 1 227 60 15 30 1000000000 2 3 52 60 25 30 0000000000 3 0 2104 60 15 30 0000000000
799021 0 9797 3 0 4 0 0 182 60 15 0 0000000000 1 1 215 60 15 30 0000010000 2 3 47 60 25 30 0000000000 3 0 2466 60 15 30 0000000000
834114 1 4926 1 0 4 0 0 182 60 15 0 0000000000 1 1 227 60 15 30 1000000000 2 3 41 60 25 30 0000000000 3 0 2067 60 15 30 0000000000
633562 9 1259 2 0 5 0 0 188 60 15 0 0000000000 1 1 275 60 15 30 0000001000 2 2 111 30 20 30 0000000000 3 3 52 60 25 30 0000000000 4 0 3374 60 15 30 0000000000
130546 0 9797 1 0 4 0 0 179 60 15 0 0000000000 1 1 234 60 15 30 0000010000 2 3 59 60 25 30 0000000000 3 0 2468 60 15 30 0000000000
490349 9 1259 3 0 5 0 0 178 60 15 0 0000000000 1 1 293 60 15 30 0000001000 2 2 90 30 20 30 0000000000 3 3 48 60 25 30 0000000000 4 0 3339 60 15 30 0000000000
987005 1 8988 1 0 4 0 0 175 60 15 0 0000000000 1 1 226 60 15 30 1000000000 2 3 46 60 25 30 0000000000 3 0 2035 60 15 30 0000000000
130864 6 7233 1 0 5 0 0 176 60 15 0 0000000000 1 1 167 60 15 30 0010100000 2 2 89 30 20 30 0000000000 3 3 48 60 25 30 0000000000 4 0 2051 60 15 30 0000000000
662709 2 6503 2 0 4 0 0 180 60 15 0 0000000000 1 1 133 60 15 30 1000000100 2 3 46 60 25 30 0000000000 3 0 1597 60 15 30 0000000000
157938 3 4649 1 0 5 0 0 184 60 15 0 0000000000 1 1 167 60 15 30 1100000000 2 2 92 30 20 30 0000000000 3 3 44 60 25 30 0000000000 4 0 1871 60 15 30 0000000000
572194 10 5893 3 0 4 0 0 175 60 15 0 0000000000 1 1 185 60 15 30 0000001000 2 3 49 60 25 30 0000000000 3 0 2255 60 15 30 0000000000
501166 2 9797 1 0 4 0 0 174 60 15 0 0000000000 1 1 124 60 15 30 1000000100 2 3 41 60 25 30 0000000000 3 0 1642 60 15 30 0000000000
797824 6 2107 3 1440 5 0 0 177 60 15 0 0000000000 1 1 177 60 15 30 0010100000 2 2 95 30 20 30 0000000000 3 3 52 60 25 30 0000000000 4 0 2085 60 15 30 0000000000
368310 1 6942 2 1440 4 0 0 177 60 15 0 0000000000 1 1 212 60 15 30 1000000000 2 3 49 60 25 30 0000000000 3 0 2078 60 15 30 0000000000
677339 1 4649 3 1440 4 0 0 179 60 15 0 0000000000 1 1 211 60 15 30 1000000000 2 3 53 60 25 30 0000000000 3 0 2115 60 15 30 0000000000
612636 3 8477 2 0 5 0 0 177 60 15 0 0000000000 1 1 152 60 15 30 1100000000 2 2 92 30 20 30 0000000000 3 3 49 60 25 30 0000000000 4 0 1915 60 15 30 0000000000
761247 3 1912 3 0 5 0 0 173 60 15 0 0000000000 1 1 155 60 15 30 1100000000 2 2 92 30 20 30 0000000000 3 3 44 60 25 30 0000000000 4 0 1789 60 15 30 0000000000
938126 4 2806 3 0 4 0 0 182 60 15 0 0000000000 1 1 238 60 15 30 0000000010 2 3 43 60 25 30 0000000000 3 0 2710 60 15 30 0000000000
993439 4 3582 3 0 4 0 0 185 60 15 0 0000000000 1 1 235 60 15 30 0000000010 2 3 54 60 25 30 0000000000 3 0 2685 60 15 30 0000000000
914567 7 2142 2 0 4 0 0 181 60 15 0 0000000000 1 1 224 60 15 30 0001000000 2 3 52 60 25 30 0000000000 3 0 2598 60 15 30 0000000000
292671 0 3400 1 1440 4 0 0 175 60 15 0 0000000000 1 1 218 60 15 30 0000010000 2 3 46 60 25 30 0000000000 3 0 2499 60 15 30 0000000000
806159 1 4352 3 0 4 0 0 182 60 15 0 0000000000 1 1 202 60 15 30 1000000000 2 3 56 60 25 30 0000000000 3 0 2098 60 15 30 0000000000
903007 2 4513 2 0 4 0 0 178 60 15 0 0000000000 1 1 134 60 15 30 1000000100 2 3 45 60 25 30 0000000000 3 0 1582 60 15 30 0000000000
146461 3 1631 2 0 5 0 0 182 60 15 0 0000000000 1 1 154 60 15 30 1100000000 2 2 96 30 20 30 0000000000 3 3 41 60 25 30 0000000000 4 0 1847 60 15 30 0000000000
184160 1 8580 3 0 4 0 0 177 60 15 0 0000000000 1 1 218 60 15 30 1000000000 2 3 49 60 25 30 0000000000 3 0 2112 60 15 30 0000000000
361695 0 1708 3 0 4 0 0 195 60 15 0 0000000000 1 1 244 60 15 30 0000010000 2 3 54 60 25 30 0000000000 3 0 2505 60 15 30 0000000000
306021 0 3400 1 1440 4 0 0 175 60 15 0 0000000000 1 1 224 60 15 30 0000010000 2 3 36 60 25 30 0000000000 3 0 2510 60 15 30 0000000000
136943 5 2266 3 0 4 0 0 183 60 15 0 0000000000 1 1 206 60 15 30 1000000000 2 3 54 60 25 30 0000000000 3 0 2336 60 15 30 0000000000
933446 3 3290 2 1440 5 0 0 183 60 15 0 0000000000 1 1 158 60 15 30 1100000000 2 2 88 30 20 30 0000000000 3 3 58 60 25 30 0000000000 4 0 1874 60 15 30 0000000000
310069 4 8648 1 1440 4 0 0 181 60 15 0 0000000000 1 1 231 60 15 30 0000000010 2 3 47 60 25 30 0000000000 3 0 2756 60 15 30 0000000000
151894 0 4123 2 1440 4 0 0 175 60 15 0 0000000000 1 1 232 60 15 30 0000010000 2 3 52 60 25 30 0000000000 3 0 2529 60 15 30 0000000000
285982 7 1562 1 0 4 0 0 178 60 15 0 0000000000 1 1 236 60 15 30 0001000000 2 3 61 60 25 30 0000000000 3 0 2595 60 15 30 0000000000
602880 0 1708 2 0 4 0 0 178 60 15 0 0000000000 1 1 226 60 15 30 0000010000 2 3 53 60 25 30 0000000000 3 0 2519 60 15 30 0000000000
357854 3 8013 2 0 5 0 0 179 60 15 0 0000000000 1 1 146 60 15 30 1100000000 2 2 97 30 20 30 0000000000 3 3 54 60 25 30 0000000000 4 0 1836 60 15 30 0000000000
181842 3 6503 2 1440 5 0 0 183 60 15 0 0000000000 1 1 142 60 15 30 1100000000 2 2 97 30 20 30 0000000000 3 3 45 60 25 30 0000000000 4 0 1866 60 15 30 0000000000
585272 0 9755 3 0 4 0 0 173 60 15 0 0000000000 1 1 238 60 15 30 0000010000 2 3 40 60 25 30 0000000000 3 0 2521 60 15 30 0000000000
639984 1 9755 2 0 4 0 0 182 60 15 0 0000000000 1 1 209 60 15 30 1000000000 2 3 56 60 25 30 0000000000 3 0 2097 60 15 30 0000000000
900542 2 1167 1 0 4 0 0 180 60 15 0 0000000000 1 1 120 60 15 30 1000000100 2 3 45 60 25 30 0000000000 3 0 1585 60 15 30 0000000000
807645 8 7911 2 0 4 0 0 188 60 15 0 0000000000 1 1 216 60 15 30 0000000011 2 3 59 60 25 30 0000000000 3 0 2623 60 15 30 0000000000
427252 0 4214 1 1440 4 0 0 181 60 15 0 0000000000 1 1 232 60 15 30 0000010000 2 3 46 60 25 30 0000000000 3 0 2551 60 15 30 0000000000
920539 7 4123 1 1440 4 0 0 182 60 15 0 0000000000 1 1 227 60 15 30 0001000000 2 3 39 60 25 30 0000000000 3 0 2661 60 15 30 0000000000
691811 0 4123 1 0 4 0 0 182 60 15 0 0000000000 1 1 247 60 15 30 0000010000 2 3 52 60 25 30 0000000000 3 0 2579 60 15 30 0000000000
845372 7 4513 2 0 4 0 0 179 60 15 0 0000000000 1 1 213 60 15 30 0001000000 2 3 51 60 25 30 0000000000 3 0 2579 60 15 30 0000000000
212484 2 1259 1 0 4 0 0 187 60 15 0 0000000000 1 1 120 60 15 30 1000000100 2 3 48 60 25 30 0000000000 3 0 1631 60 15 30 0000000000
876437 4 3637 2 1440 4 0 0 176 60 15 0 0000000000 1 1 211 60 15 30 0000000010 2 3 42 60 25 30 0000000000 3 0 2694 60 15 30 0000000000
536017 0 7233 2 0 4 0 0 185 60 15 0 0000000000 1 1 224 60 15 30 0000010000 2 3 48 60 25 30 0000000000 3 0 2539 60 15 30 0000000000
408093 1 9751 1 0 4 0 0 182 60 15 0 0000000000 1 1 211 60 15 30 1000000000 2 3 62 60 25 30 0000000000 3 0 2124 60 15 30 0000000000
572929 6 3366 3 0 5 0 0 177 60 15 0 0000000000 1 1 158 60 15 30 0010100000 2 2 104 30 20 30 0000000000 3 3 53 60 25 30 0000000000 4 0 2047 60 15 30 0000000000
254732 2 4649 2 0 4 0 0 180 60 15 0 0000000000 1 1 121 60 15 30 1000000100 2 3 51 60 25 30 0000000000 3 0 1593 60 15 30 0000000000
724436 6 3078 3 1440 5 0 0 184 60 15 0 0000000000 1 1 181 60 15 30 0010100000 2 2 89 30 20 30 0000000000 3 3 42 60 25 30 0000000000 4 0 2055 60 15 30 0000000000
957512 2 2107 2 0 4 0 0 182 60 15 0 0000000000 1 1 114 60 15 30 1000000100 2 3 47 60 25 30 0000000000 3 0 1635 60 15 30 0000000000
946859 2 3078 1 0 4 0 0 183 60 15 0 0000000000 1 1 123 60 15 30 1000000100 2 3 57 60 25 30 0000000000 3 0 1554 60 15 30 0000000000
255446 2 4214 2 0 4 0 0 185 60 15 0 0000000000 1 1 129 60 15 30 1000000100 2 3 51 60 25 30 0000000000 3 0 1619 60 15 30 0000000000
978339 0 5125 3 0 4 0 0 181 60 15 0 0000000000 1 1 223 60 15 30 0000010000 2 3 41 60 25 30 0000000000 3 0 2495 60 15 30 0000000000
392094 2 8477 1 0 4 0 0 180 60 15 0 0000000000 1 1 107 60 15 30 1000000100 2 3 50 60 25 30 0000000000 3 0 1611 60 15 30 0000000000
786963 5 5125 1 0 4 0 0 183 60 15 0 0000000000 1 1 192 60 15 30 1000000000 2 3 55 60 25 30 0000000000 3 0 2340 60 15 30 0000000000
565944 1 4123 3 0 4 0 0 179 60 15 0 0000000000 1 1 229 60 15 30 1000000000 2 3 42 60 25 30 0000000000 3 0 2086 60 15 30 0000000000
136927 0 3582 1 1440 4 0 0 177 60 15 0 0000000000 1 1 242 60 15 30 0000010000 2 3 52 60 25 30 0000000000 3 0 2448 60 15 30 0000000000
926852 5 3719 2 0 4 0 0 179 60 15 0 0000000000 1 1 193 60 15 30 1000000000 2 3 46 60 25 30 0000000000 3 0 2337 60 15 30 0000000000
103701 5 2266 3 0 4 0 0 174 60 15 0 0000000000 1 1 196 60 15 30 1000000000 2 3 56 60 25 30 0000000000 3 0 2305 60 15 30 0000000000
333579 3 7233 3 0 5 0 0 189 60 15 0 0000000000 1 1 153 60 15 30 1100000000 2 2 84 30 20 30 0000000000 3 3 51 60 25 30 0000000000 4 0 1845 60 15 30 0000000000
621409 3 7533 3 0 5 0 0 179 60 15 0 0000000000 1 1 141 60 15 30 1100000000 2 2 86 30 20 30 0000000000 3 3 50 60 25 30 0000000000 4 0 1867 60 15 30 0000000000
541977 1 1912 1 1440 4 0 0 178 60 15 0 0000000000 1 1 205 60 15 30 1000000000 2 3 41 60 25 30 0000000000 3 0 2079 60 15 30 0000000000
287874 1 6674 1 0 4 0 0 184 60 15 0 0000000000 1 1 210 60 15 30 1000000000 2 3 50 60 25 30 0000000000 3 0 2072 60 15 30 0000000000
207151 0 4649 1 0 4 0 0 177 60 15 0 0000000000 1 1 223 60 15 30 0000010000 2 3 60 60 25 30 0000000000 3 0 2494 60 15 30 0000000000
215266 6 3366 2 0 5 0 0 176 60 15 0 0000000000 1 1 172 60 15 30 0010100000 2 2 77 30 20 30 0000000000 3 3 46 60 25 30 0000000000 4 0 2091 60 15 30 0000000000
351218 8 9797 3 0 4 0 0 182 60 15 0 0000000000 1 1 200 60 15 30 0000000011 2 3 47 60 25 30 0000000000 3 0 2561 60 15 30 0000000000
903869 2 4513 1 0 4 0 0 175 60 15 0 0000000000 1 1 132 60 15 30 1000000100 2 3 50 60 25 30 0000000000 3 0 1605 60 15 30 0000000000
482827 3 3290 2 0 5 0 0 180 60 15 0 0000000000 1 1 146 60 15 30 1100000000 2 2 83 30 20 30 0000000000 3 3 47 60 25 30 0000000000 4 0 1857 60 15 30 0000000000
453074 7 6431 3 1440 4 0 0 178 60 15 0 0000000000 1 1 212 60 15 30 0001000000 2 3 44 60 25 30 0000000000 3 0 2612 60 15 30 0000000000
136909 0 9755 1 0 4 0 0 181 60 15 0 0000000000 1 1 224 60 15 30 0000010000 2 3 53 60 25 30 0000000000 3 0 2545 60 15 30 0000000000
904927 3 2266 3 0 5 0 0 176 60 15 0 0000000000 1 1 173 60 15 30 1100000000 2 2 91 30 20 30 0000000000 3 3 41 60 25 30 0000000000 4 0 1814 60 15 30 0000000000
643629 3 1871 2 0 5 0 0 180 60 15 0 0000000000 1 1 166 60 15 30 1100000000 2 2 100 30 20 30 0000000000 3 3 45 60 25 30 0000000000 4 0 1859 60 15 30 0000000000
305413 3 6942 3 1440 5 0 0 177 60 15 0 0000000000 1 1 148 60 15 30 1100000000 2 2 103 30 20 30 0000000000 3 3 57 60 25 30 0000000000 4 0 1844 60 15 30 0000000000
748952 2 1871 3 0 4 0 0 181 60 15 0 0000000000 1 1 125 60 15 30 1000000100 2 3 54 60 25 30 0000000000 3 0 1561 60 15 30 0000000000
201507 4 4123 3 0 4 0 0 179 60 15 0 0000000000 1 1 203 60 15 30 0000000010 2 3 52 60 25 30 0000000000 3 0 2761 60 15 30 0000000000
236884 6 4139 2 1440 5 0 0 175 60 15 0 0000000000 1 1 170 60 15 30 0010100000 2 2 83 30 20 30 0000000000 3 3 47 60 25 30 0000000000 4 0 2028 60 15 30 0000000000
955712 0 3290 3 1440 4 0 0 177 60 15 0 0000000000 1 1 213 60 15 30 0000010000 2 3 46 60 25 30 0000000000 3 0 2501 60 15 30 0000000000
209868 6 6942 3 0 5 0 0 175 60 15 0 0000000000 1 1 171 60 15 30 0010100000 2 2 89 30 20 30 0000000000 3 3 48 60 25 30 0000000000 4 0 1999 60 15 30 0000000000
831781 0 7233 1 1440 4 0 0 177 60 15 0 0000000000 1 1 228 60 15 30 0000010000 2 3 47 60 25 30 0000000000 3 0 2473 60 15 30 0000000000
337507 2 4926 1 0 4 0 0 188 60 15 0 0000000000 1 1 115 60 15 30 1000000100 2 3 54 60 25 30 0000000000 3 0 1524 60 15 30 0000000000
649251 5 3290 1 0 4 0 0 176 60 15 0 0000000000 1 1 198 60 15 30 1000000000 2 3 57 60 25 30 0000000000 3 0 2328 60 15 30 0000000000
531229 8 9797 1 0 4 0 0 173 60 15 0 0000000000 1 1 209 60 15 30 0000000011 2 3 49 60 25 30 0000000000 3 0 2610 60 15 30 0000000000
712614 8 5125 2 0 4 0 0 185 60 15 0 0000000000 1 1 200 60 15 30 0000000011 2 3 37 60 25 30 0000000000 3 0 2644 60 15 30 0000000000
264466 2 1259 1 0 4 0 0 177 60 15 0 0000000000 1 1 125 60 15 30 1000000100 2 3 50 60 25 30 0000000000 3 0 1600 60 15 30 0000000000
108711 6 5125 3 0 5 0 0 176 60 15 0 0000000000 1 1 169 60 15 30 0010100000 2 2 88 30 20 30 0000000000 3 3 50 60 25 30 0000000000 4 0 2055 60 15 30 0000000000
308832 1 8648 1 0 4 0 0 187 60 15 0 0000000000 1 1 218 60 15 30 1000000000 2 3 42 60 25 30 0000000000 3 0 2154 60 15 30 0000000000
891211 8 3400 2 0 4 0 0 181 60 15 0 0000000000 1 1 199 60 15 30 0000000011 2 3 49 60 25 30 0000000000 3 0 2578 60 15 30 0000000000
543822 0 9755 2 1440 4 0 0 184 60 15 0 0000000000 1 1 245 60 15 30 0000010000 2 3 41 60 25 30 0000000000 3 0 2498 60 15 30 0000000000
971045 7 9250 1 0 4 0 0 185 60 15 0 0000000000 1 1 219 60 15 30 0001000000 2 3 55 60 25 30 0000000000 3 0 2611 60 15 30 0000000000
491641 6 3637 1 0 5 0 0 176 60 15 0 0000000000 1 1 179 60 15 30 0010100000 2 2 101 30 20 30 0000000000 3 3 59 60 25 30 0000000000 4 0 2038 60 15 30 0000000000
142377 1 6913 2 0 4 0 0 182 60 15 0 0000000000 1 1 187 60 15 30 1000000000 2 3 42 60 25 30 0000000000 3 0 2080 60 15 30 0000000000
114341 2 3290 3 0 4 0 0 179 60 15 0 0000000000 1 1 120 60 15 30 1000000100 2 3 50 60 25 30 0000000000 3 0 1601 60 15 30 0000000000
185811 0 4649 1 0 4 0 0 178 60 15 0 0000000000 1 1 226 60 15 30 0000010000 2 3 43 60 25 30 0000000000 3 0 2509 60 15 30 0000000000
895490 10 1708 2 0 4 0 0 184 60 15 0 0000000000 1 1 171 60 15 30 0000001000 2 3 42 60 25 30 0000000000 3 0 2202 60 15 30 0000000000
378127 3 1631 2 1440 5 0 0 175 60 15 0 0000000000 1 1 148 60 15 30 1100000000 2 2 83 30 20 30 0000000000 3 3 58 60 25 30 0000000000 4 0 1847 60 15 30 0000000000
341198 4 4139 2 0 4 0 0 177 60 15 0 0000000000 1 1 233 60 15 30 0000000010 2 3 52 60 25 30 0000000000 3 0 2722 60 15 30 0000000000
349679 3 9767 1 1440 5 0 0 174 60 15 0 0000000000 1 1 150 60 15 30 1100000000 2 2 93 30 20 30 0000000000 3 3 58 60 25 30 0000000000 4 0 1875 60 15 30 0000000000
887412 10 4513 2 0 4 0 0 183 60 15 0 0000000000 1 1 168 60 15 30 0000001000 2 3 55 60 25 30 0000000000 3 0 2171 60 15 30 0000000000
597622 7 1259 3 0 4 0 0 186 60 15 0 0000000000 1 1 215 60 15 30 0001000000 2 3 46 60 25 30 0000000000 3 0 2644 60 15 30 0000000000
865325 3 2712 2 0 5 0 0 178 60 15 0 0000000000 1 1 155 60 15 30 1100000000 2 2 83 30 20 30 0000000000 3 3 50 60 25 30 0000000000 4 0 1824 60 15 30 0000000000
827494 0 2861 1 0 4 0 0 178 60 15 0 0000000000 1 1 232 60 15 30 0000010000 2 3 44 60 25 30 0000000000 3 0 2522 60 15 30 0000000000
134143 0 1240 2 1440 4 0 0 186 60 15 0 0000000000 1 1 229 60 15 30 0000010000 2 3 51 60 25 30 0000000000 3 0 2474 60 15 30 0000000000
647438 4 7533 2 0 4 0 0 175 60 15 0 0000000000 1 1 223 60 15 30 0000000010 2 3 53 60 25 30 0000000000 3 0 2639 60 15 30 0000000000
767018 6 3078 3 1440 5 0 0 174 60 15 0 0000000000 1 1 170 60 15 30 0010100000 2 2 90 30 20 30 0000000000 3 3 47 60 25 30 0000000000 4 0 2032 60 15 30 0000000000
604924 6 8988 2 0 5 0 0 179 60 15 0 0000000000 1 1 149 60 15 30 0010100000 2 2 98 30 20 30 0000000000 3 3 53 60 25 30 0000000000 4 0 2095 60 15 30 0000000000
116237 6 8013 2 0 5 0 0 181 60 15 0 0000000000 1 1 172 60 15 30 0010100000 2 2 81 30 20 30 0000000000 3 3 53 60 25 30 0000000000 4 0 2030 60 15 30 0000000000
440210 0 4352 3 0 4 0 0 182 60 15 0 0000000000 1 1 244 60 15 30 0000010000 2 3 51 60 25 30 0000000000 3 0 2490 60 15 30 0000000000
844112 5 8477 2 1440 4 0 0 177 60 15 0 0000000000 1 1 191 60 15 30 1000000000 2 3 46 60 25 30 0000000000 3 0 2333 60 15 30 0000000000
935840 4 6674 1 0 4 0 0 186 60 15 0 0000000000 1 1 245 60 15 30 0000000010 2 3 53 60 25 30 0000000000 3 0 2690 60 15 30 0000000000
852127 4 6674 2 1440 4 0 0 183 60 15 0 0000000000 1 1 217 60 15 30 0000000010 2 3 56 60 25 30 0000000000 3 0 2671 60 15 30 0000000000
488535 6 6431 3 0 5 0 0 175 60 15 0 0000000000 1 1 157 60 15 30 0010100000 2 2 83 30 20 30 0000000000 3 3 48 60 25 30 0000000000 4 0 2038 60 15 30 0000000000
179866 2 7502 2 0 4 0 0 177 60 15 0 0000000000 1 1 126 60 15 30 1000000100 2 3 49 60 25 30 0000000000 3 0 1600 60 15 30 0000000000
464921 1 9755 2 1440 4 0 0 179 60 15 0 0000000000 1 1 235 60 15 30 1000000000 2 3 47 60 25 30 0000000000 3 0 2089 60 15 30 0000000000
670009 5 1167 3 0 4 0 0 182 60 15 0 0000000000 1 1 184 60 15 30 1000000000 2 3 47 60 25 30 0000000000 3 0 2324 60 15 30 0000000000
183359 9 1167 1 0 5 0 0 179 60 15 0 0000000000 1 1 256 60 15 30 0000001000 2 2 81 30 20 30 0000000000 3 3 55 60 25 30 0000000000 4 0 3425 60 15 30 0000000000
470438 9 9751 1 0 5 0 0 178 60 15 0 0000000000 1 1 274 60 15 30 0000001000 2 2 84 30 20 30 0000000000 3 3 46 60 25 30 0000000000 4 0 3400 60 15 30 0000000000
553142 3 2266 3 0 5 0 0 191 60 15 0 0000000000 1 1 144 60 15 30 1100000000 2 2 95 30 20 30 0000000000 3 3 47 60 25 30 0000000000 4 0 1855 60 15 30 0000000000
971666 3 8580 2 0 5 0 0 177 60 15 0 0000000000 1 1 137 60 15 30 1100000000 2 2 93 30 20 30 0000000000 3 3 54 60 25 30 0000000000 4 0 1835 60 15 30 0000000000
877288 11 1631 2 0 5 0 0 180 60 15 0 0000000000 1 1 262 60 15 30 0100000010 2 2 88 30 20 30 0000000000 3 3 41 60 25 30 0000000000 4 0 3422 60 15 30 0000000000
357905 3 1912 3 0 5 0 0 180 60 15 0 0000000000 1 1 150 60 15 30 1100000000 2 2 87 30 20 30 0000000000 3 3 46 60 25 30 0000000000 4 0 1836 60 15 30 0000000000
905592 1 2861 3 0 4 0 0 177 60 15 0 0000000000 1 1 226 60 15 30 1000000000 2 3 44 60 25 30 0000000000 3 0 2090 60 15 30 0000000000
969255 1 1912 1 0 4 0 0 175 60 15 0 0000000000 1 1 216 60 15 30 1000000000 2 3 54 60 25 30 0000000000 3 0 2103 60 15 30 0000000000
677353 8 2712 3 0 4 0 0 181 60 15 0 0000000000 1 1 219 60 15 30 0000000011 2 3 50 60 25 30 0000000000 3 0 2593 60 15 30 0000000000
531316 0 3637 3 0 4 0 0 171 60 15 0 0000000000 1 1 236 60 15 30 0000010000 2 3 53 60 25 30 0000000000 3 0 2470 60 15 30 0000000000
807121 5 7911 1 0 4 0 0 180 60 15 0 0000000000 1 1 189 60 15 30 1000000000 2 3 44 60 25 30 0000000000 3 0 2386 60 15 30 0000000000
995427 0 4123 2 0 4 0 0 185 60 15 0 0000000000 1 1 220 60 15 30 0000010000 2 3 47 60 25 30 0000000000 3 0 2506 60 15 30 0000000000
964262 1 5125 1 1440 4 0 0 182 60 15 0 0000000000 1 1 221 60 15 30 1000000000 2 3 42 60 25 30 0000000000 3 0 2052 60 15 30 0000000000
502294 0 9250 1 0 4 0 0 178 60 15 0 0000000000 1 1 240 60 15 30 0000010000 2 3 51 60 25 30 0000000000 3 0 2519 60 15 30 0000000000
303867 7 9767 2 0 4 0 0 183 60 15 0 0000000000 1 1 218 60 15 30 0001000000 2 3 44 60 25 30 0000000000 3 0 2633 60 15 30 0000000000
288989 4 7533 1 0 4 0 0 182 60 15 0 0000000000 1 1 235 60 15 30 0000000010 2 3 37 60 25 30 0000000000 3 0 2720 60 15 30 0000000000
119803 2 8681 3 0 4 0 0 177 60 15 0 0000000000 1 1 114 60 15 30 1000000100 2 3 37 60 25 30 0000000000 3 0 1575 60 15 30 0000000000
221215 0 7502 1 1440 4 0 0 181 60 15 0 0000000000 1 1 225 60 15 30 0000010000 2 3 46 60 25 30 0000000000 3 0 2522 60 15 30 0000000000
262474 1 4352 2 1440 4 0 0 175 60 15 0 0000000000 1 1 219 60 15 30 1000000000 2 3 48 60 25 30 0000000000 3 0 2158 60 15 30 0000000000
15187 0 0
16147 0 0
18329 0 1440
18475 0 1440
16345 0 0
11029 0 0
15277 0 0
18316 0 0
19915 0 0
19197 0 0
11519 0 0
16786 0 0
14343 0 0
17755 0 0
10374 0 0
19474 0 1440
10280 0 0
10818 0 0
11445 0 0
13015 0 0
17699 0 0
13645 0 1440
11909 0 0
10696 0 0
15584 0 0
10530 0 0
14332 0 0
13715 0 1440
18967 0 1440
18292 0 0
10502 0 0
13209 0 0
14179 0 1440
13494 0 0
15043 0 0
16984 0 0
15109 0 0
14478 0 0
12312 0 1440
15832 0 0
18265 0 0
14076 0 0
10469 0 0
14805 0 1440
17259 0 0
17528 0 0
19423 0 0
18839 0 1440
14552 0 1440
13950 0 0
15040 0 0
12124 0 0
12092 0 0
16658 0 1440
11378 0 0
18032 0 0
12793 0 0
14703 0 0
17537 0 0
18095 0 0
14585 0 0
12849 0 0
16917 0 0
17640 0 0
10321 0 1440
13352 0 0
19742 0 0
12478 0 0
14514 0 0
13795 0 1440
11829 0 0
31056 1 011111011011 23 0 900 1440 2340 2880 3780 4320 5220 5760 6660 7300 7900 10080 10980 11520 12420 12960 13860 14400 15300 15840 16740 20160
35110 1 101111110111 21 0 900 1440 2340 2880 3780 4320 5220 5760 6660 10080 10980 11520 12420 12960 13860 14400 15300 15840 16740 20160
49873 1 111011011110 23 0 900 1440 2340 2880 3780 4320 5220 5760 6660 7300 7900 10080 10980 11520 12420 12960 13860 14400 15300 15840 16740 20160
28910 1 110111111110 23 0 900 1440 2340 2880 3780 4320 5220 5760 6660 7300 7900 10080 10980 11520 12420 12960 13860 14400 15300 15840 16740 20160
47222 1 111111110111 21 0 900 1440 2340 2880 3780 4320 5220 5760 6660 10080 10980 11520 12420 12960 13860 14400 15300 15840 16740 20160
27722 1 111111011111 23 0 900 1440 2340 2880 3780 4320 5220 5760 6660 10080 10980 11520 12420 12960 13860 14400 15300 15840 16740 17380 17980 20160
35946 1 111101101111 21 0 900 1440 2340 2880 3780 4320 5220 5760 6660 10080 10980 11520 12420 12960 13860 14400 15300 15840 16740 20160
60744 2 1 0
68400 2 1 0
59426 2 1 0
65119 2 1 0
61086 2 1 0
95921 3 1 0
75155 3 1 0
78295 3 1 0
82681 3 1 0
84814 3 1 0
83384 3 1 0
81101 3 1 0
