36 164 91 12 10
2209 19 0 900 1440 2340 2880 3780 4320 5220 5760 6660 11520 12420 12960 13860 14400 15300 17280 18180 20160
6296 23 0 900 1440 2340 2880 3780 4320 5220 5760 6660 7200 8100 10080 10980 11520 12420 12960 13860 14400 15300 15840 16740 20160
7410 13 0 900 1440 2340 2880 3780 4320 5220 11520 12420 12960 13860 20160
7731 11 4320 5220 5760 6660 12960 13860 14400 15300 17280 18180 20160
7703 15 1440 2340 5760 6660 7200 8100 11520 12420 12960 13860 14400 15300 15840 16740 20160
6545 19 0 900 1440 2340 2880 3780 4320 5220 5760 6660 10080 10980 11520 12420 15840 16740 17280 18180 20160
2015 15 1440 2340 2880 3780 5760 6660 7200 8100 10080 10980 14400 15300 15840 16740 20160
5837 13 1440 2340 2880 3780 4320 5220 10080 10980 12960 13860 14400 15300 20160
1888 15 1440 2340 2880 3780 4320 5220 7200 8100 10080 10980 11520 12420 14400 15300 20160
6194 17 0 900 1440 2340 2880 3780 5760 6660 7200 8100 11520 12420 14400 15300 17280 18180 20160
8295 17 1440 2340 4320 5220 5760 6660 10080 10980 11520 12420 14400 15300 15840 16740 17280 18180 20160
1212 9 1440 2340 7200 8100 11520 12420 15840 16740 20160
4094 19 1440 2340 2880 3780 5760 6660 7200 8100 11520 12420 12960 13860 14400 15300 15840 16740 17280 18180 20160
8777 11 0 900 2880 3780 5760 6660 12960 13860 14400 15300 20160
8562 19 0 900 1440 2340 2880 3780 5760 6660 7200 8100 10080 10980 11520 12420 12960 13860 17280 18180 20160
7946 23 0 900 1440 2340 2880 3780 4320 5220 7200 8100 10080 10980 11520 12420 12960 13860 14400 15300 15840 16740 17280 18180 20160
1698 17 0 900 4320 5220 5760 6660 10080 10980 12960 13860 14400 15300 15840 16740 17280 18180 20160
1931 19 2880 3780 4320 5220 5760 6660 10080 10980 11520 12420 12960 13860 14400 15300 15840 16740 17280 18180 20160
1551 19 0 900 1440 2340 4320 5220 5760 6660 11520 12420 12960 13860 14400 15300 15840 16740 17280 18180 20160
1556 19 0 900 2880 3780 4320 5220 5760 6660 10080 10980 11520 12420 12960 13860 14400 15300 17280 18180 20160
4695 13 1440 2340 5760 6660 7200 8100 10080 10980 12960 13860 15840 16740 20160
9119 19 0 900 1440 2340 2880 3780 4320 5220 5760 6660 10080 10980 12960 13860 15840 16740 17280 18180 20160
5676 15 0 900 1440 2340 2880 3780 4320 5220 11520 12420 12960 13860 17280 18180 20160
1640 11 2880 3780 5760 6660 10080 10980 14400 15300 15840 16740 20160
1432 11 0 900 2880 3780 7200 8100 10080 10980 12960 13860 20160
8016 23 0 900 1440 2340 2880 3780 4320 5220 7200 8100 10080 10980 11520 12420 12960 13860 14400 15300 15840 16740 17280 18180 20160
2186 17 0 900 1440 2340 2880 3780 7200 8100 11520 12420 14400 15300 15840 16740 17280 18180 20160
1050 19 0 900 1440 2340 2880 3780 10080 10980 11520 12420 12960 13860 14400 15300 15840 16740 17280 18180 20160
2203 13 0 900 7200 8100 11520 12420 12960 13860 15840 16740 17280 18180 20160
2793 17 0 900 1440 2340 5760 6660 11520 12420 12960 13860 14400 15300 15840 16740 17280 18180 20160
7149 11 1440 2340 4320 5220 10080 10980 11520 12420 15840 16740 20160
4860 19 0 900 1440 2340 5760 6660 7200 8100 10080 10980 12960 13860 14400 15300 15840 16740 17280 18180 20160
9714 19 0 900 1440 2340 4320 5220 7200 8100 10080 10980 11520 12420 12960 13860 14400 15300 17280 18180 20160
9462 19 0 900 1440 2340 2880 3780 5760 6660 7200 8100 10080 10980 11520 12420 12960 13860 17280 18180 20160
9816 11 1440 2340 4320 5220 5760 6660 15840 16740 17280 18180 20160
7896 15 1440 2340 4320 5220 7200 8100 10080 10980 11520 12420 15840 16740 17280 18180 20160
rackdeVideo 3
rackdeEndoscopia 1
microscópiOftalmo 1
microscopioNeuro 1
plataformaArgonio 1
mesasTracaoOrtopédica 2
mesasArticuladas 2
perneiraPosicaoGine 1
arcoCirurgico 2
ultrassom 1
403821 1 2186 3 1440 4 0 0 181 60 15 0 0000000000 1 1 216 60 15 30 1000000000 2 3 52 60 25 30 0000000000 3 0 2105 60 15 30 0000000000
143027 3 8777 2 0 5 0 0 184 60 15 0 0000000000 1 1 153 60 15 30 1100000000 2 2 79 30 20 30 0000000000 3 3 42 60 25 30 0000000000 4 0 1851 60 15 30 0000000000
305443 0 4094 3 0 4 0 0 182 60 15 0 0000000000 1 1 245 60 15 30 0000010000 2 3 47 60 25 30 0000000000 3 0 2496 60 15 30 0000000000
635146 3 6194 3 0 5 0 0 177 60 15 0 0000000000 1 1 162 60 15 30 1100000000 2 2 84 30 20 30 0000000000 3 3 54 60 25 30 0000000000 4 0 1858 60 15 30 0000000000
247465 1 2209 2 1440 4 0 0 169 60 15 0 0000000000 1 1 227 60 15 30 1000000000 2 3 43 60 25 30 0000000000 3 0 2066 60 15 30 0000000000
729092 6 8295 2 0 5 0 0 175 60 15 0 0000000000 1 1 180 60 15 30 0010100000 2 2 91 30 20 30 0000000000 3 3 50 60 25 30 0000000000 4 0 2082 60 15 30 0000000000
666911 8 9714 3 1440 4 0 0 180 60 15 0 0000000000 1 1 234 60 15 30 0000000011 2 3 60 60 25 30 0000000000 3 0 2585 60 15 30 0000000000
593930 1 9119 2 1440 4 0 0 187 60 15 0 0000000000 1 1 211 60 15 30 1000000000 2 3 50 60 25 30 0000000000 3 0 2120 60 15 30 0000000000
598640 0 9816 3 1440 4 0 0 182 60 15 0 0000000000 1 1 228 60 15 30 0000010000 2 3 54 60 25 30 0000000000 3 0 2456 60 15 30 0000000000
489360 2 8562 2 1440 4 0 0 187 60 15 0 0000000000 1 1 121 60 15 30 1000000100 2 3 48 60 25 30 0000000000 3 0 1641 60 15 30 0000000000
288702 0 1432 2 1440 4 0 0 188 60 15 0 0000000000 1 1 235 60 15 30 0000010000 2 3 55 60 25 30 0000000000 3 0 2515 60 15 30 0000000000
775844 9 8295 1 1440 5 0 0 178 60 15 0 0000000000 1 1 287 60 15 30 0000001000 2 2 75 30 20 30 0000000000 3 3 49 60 25 30 0000000000 4 0 3341 60 15 30 0000000000
504420 0 5837 1 0 4 0 0 180 60 15 0 0000000000 1 1 224 60 15 30 0000010000 2 3 49 60 25 30 0000000000 3 0 2504 60 15 30 0000000000
136553 2 1212 3 1440 4 0 0 178 60 15 0 0000000000 1 1 130 60 15 30 1000000100 2 3 49 60 25 30 0000000000 3 0 1646 60 15 30 0000000000
118311 5 1640 3 0 4 0 0 182 60 15 0 0000000000 1 1 199 60 15 30 1000000000 2 3 48 60 25 30 0000000000 3 0 2361 60 15 30 0000000000
470774 0 2793 1 0 4 0 0 171 60 15 0 0000000000 1 1 220 60 15 30 0000010000 2 3 46 60 25 30 0000000000 3 0 2543 60 15 30 0000000000
122854 1 7410 3 0 4 0 0 183 60 15 0 0000000000 1 1 223 60 15 30 1000000000 2 3 53 60 25 30 0000000000 3 0 2107 60 15 30 0000000000
599722 2 8562 2 0 4 0 0 181 60 15 0 0000000000 1 1 130 60 15 30 1000000100 2 3 52 60 25 30 0000000000 3 0 1599 60 15 30 0000000000
162736 1 6545 1 1440 4 0 0 172 60 15 0 0000000000 1 1 232 60 15 30 1000000000 2 3 47 60 25 30 0000000000 3 0 2052 60 15 30 0000000000
986512 0 1212 1 0 4 0 0 178 60 15 0 0000000000 1 1 241 60 15 30 0000010000 2 3 36 60 25 30 0000000000 3 0 2494 60 15 30 0000000000
821709 0 7731 3 0 4 0 0 176 60 15 0 0000000000 1 1 222 60 15 30 0000010000 2 3 49 60 25 30 0000000000 3 0 2463 60 15 30 0000000000
813002 6 6194 1 0 5 0 0 177 60 15 0 0000000000 1 1 154 60 15 30 0010100000 2 2 89 30 20 30 0000000000 3 3 48 60 25 30 0000000000 4 0 2044 60 15 30 0000000000
352806 4 2793 1 1440 4 0 0 170 60 15 0 0000000000 1 1 227 60 15 30 0000000010 2 3 44 60 25 30 0000000000 3 0 2655 60 15 30 0000000000
405961 0 2209 1 0 4 0 0 171 60 15 0 0000000000 1 1 233 60 15 30 0000010000 2 3 40 60 25 30 0000000000 3 0 2464 60 15 30 0000000000
261538 10 4860 2 0 4 0 0 179 60 15 0 0000000000 1 1 206 60 15 30 0000001000 2 3 38 60 25 30 0000000000 3 0 2208 60 15 30 0000000000
256323 11 1551 3 0 5 0 0 175 60 15 0 0000000000 1 1 267 60 15 30 0100000010 2 2 94 30 20 30 0000000000 3 3 48 60 25 30 0000000000 4 0 3514 60 15 30 0000000000
555460 3 9714 3 0 5 0 0 176 60 15 0 0000000000 1 1 148 60 15 30 1100000000 2 2 92 30 20 30 0000000000 3 3 44 60 25 30 0000000000 4 0 1844 60 15 30 0000000000
840161 7 2203 1 0 4 0 0 181 60 15 0 0000000000 1 1 203 60 15 30 0001000000 2 3 47 60 25 30 0000000000 3 0 2568 60 15 30 0000000000
234846 0 4695 1 0 4 0 0 179 60 15 0 0000000000 1 1 234 60 15 30 0000010000 2 3 45 60 25 30 0000000000 3 0 2507 60 15 30 0000000000
179259 1 9119 1 0 4 0 0 176 60 15 0 0000000000 1 1 222 60 15 30 1000000000 2 3 53 60 25 30 0000000000 3 0 2118 60 15 30 0000000000
901842 4 1640 1 0 4 0 0 185 60 15 0 0000000000 1 1 209 60 15 30 0000000010 2 3 49 60 25 30 0000000000 3 0 2675 60 15 30 0000000000
604917 0 9119 1 1440 4 0 0 176 60 15 0 0000000000 1 1 245 60 15 30 0000010000 2 3 54 60 25 30 0000000000 3 0 2517 60 15 30 0000000000
179658 5 6545 1 0 4 0 0 181 60 15 0 0000000000 1 1 179 60 15 30 1000000000 2 3 48 60 25 30 0000000000 3 0 2367 60 15 30 0000000000
759895 2 2015 1 0 4 0 0 187 60 15 0 0000000000 1 1 135 60 15 30 1000000100 2 3 49 60 25 30 0000000000 3 0 1615 60 15 30 0000000000
209257 5 6545 2 1440 4 0 0 178 60 15 0 0000000000 1 1 181 60 15 30 1000000000 2 3 59 60 25 30 0000000000 3 0 2280 60 15 30 0000000000
219050 6 2209 1 0 5 0 0 178 60 15 0 0000000000 1 1 178 60 15 30 0010100000 2 2 86 30 20 30 0000000000 3 3 56 60 25 30 0000000000 4 0 2057 60 15 30 0000000000
881844 3 7946 2 0 5 0 0 180 60 15 0 0000000000 1 1 151 60 15 30 1100000000 2 2 92 30 20 30 0000000000 3 3 48 60 25 30 0000000000 4 0 1858 60 15 30 0000000000
976091 6 9119 2 0 5 0 0 180 60 15 0 0000000000 1 1 164 60 15 30 0010100000 2 2 87 30 20 30 0000000000 3 3 53 60 25 30 0000000000 4 0 2020 60 15 30 0000000000
813217 4 7896 2 0 4 0 0 178 60 15 0 0000000000 1 1 228 60 15 30 0000000010 2 3 58 60 25 30 0000000000 3 0 2698 60 15 30 0000000000
372656 2 6194 1 0 4 0 0 181 60 15 0 0000000000 1 1 138 60 15 30 1000000100 2 3 48 60 25 30 0000000000 3 0 1551 60 15 30 0000000000
188931 2 1551 1 0 4 0 0 180 60 15 0 0000000000 1 1 122 60 15 30 1000000100 2 3 44 60 25 30 0000000000 3 0 1574 60 15 30 0000000000
205077 3 1551 2 1440 5 0 0 186 60 15 0 0000000000 1 1 146 60 15 30 1100000000 2 2 85 30 20 30 0000000000 3 3 51 60 25 30 0000000000 4 0 1872 60 15 30 0000000000
982119 10 6194 3 0 4 0 0 178 60 15 0 0000000000 1 1 181 60 15 30 0000001000 2 3 46 60 25 30 0000000000 3 0 2246 60 15 30 0000000000
517841 4 9714 1 0 4 0 0 181 60 15 0 0000000000 1 1 217 60 15 30 0000000010 2 3 47 60 25 30 0000000000 3 0 2652 60 15 30 0000000000
691179 2 1888 1 0 4 0 0 183 60 15 0 0000000000 1 1 123 60 15 30 1000000100 2 3 46 60 25 30 0000000000 3 0 1613 60 15 30 0000000000
692079 3 9119 3 0 5 0 0 187 60 15 0 0000000000 1 1 144 60 15 30 1100000000 2 2 91 30 20 30 0000000000 3 3 50 60 25 30 0000000000 4 0 1891 60 15 30 0000000000
503339 2 6296 1 1440 4 0 0 177 60 15 0 0000000000 1 1 136 60 15 30 1000000100 2 3 54 60 25 30 0000000000 3 0 1588 60 15 30 0000000000
872477 2 7896 2 0 4 0 0 177 60 15 0 0000000000 1 1 139 60 15 30 1000000100 2 3 50 60 25 30 0000000000 3 0 1570 60 15 30 0000000000
923579 6 1432 3 1440 5 0 0 181 60 15 0 0000000000 1 1 149 60 15 30 0010100000 2 2 103 30 20 30 0000000000 3 3 52 60 25 30 0000000000 4 0 2054 60 15 30 0000000000
376042 1 7703 2 1440 4 0 0 177 60 15 0 0000000000 1 1 221 60 15 30 1000000000 2 3 53 60 25 30 0000000000 3 0 2090 60 15 30 0000000000
864339 3 7410 2 0 5 0 0 177 60 15 0 0000000000 1 1 158 60 15 30 1100000000 2 2 90 30 20 30 0000000000 3 3 45 60 25 30 0000000000 4 0 1885 60 15 30 0000000000
708115 6 1698 1 1440 5 0 0 173 60 15 0 0000000000 1 1 173 60 15 30 0010100000 2 2 98 30 20 30 0000000000 3 3 52 60 25 30 0000000000 4 0 2100 60 15 30 0000000000
129799 10 4695 1 0 4 0 0 182 60 15 0 0000000000 1 1 183 60 15 30 0000001000 2 3 47 60 25 30 0000000000 3 0 2181 60 15 30 0000000000
831550 1 1551 1 1440 4 0 0 183 60 15 0 0000000000 1 1 219 60 15 30 1000000000 2 3 54 60 25 30 0000000000 3 0 2083 60 15 30 0000000000
296056 4 8562 2 0 4 0 0 178 60 15 0 0000000000 1 1 224 60 15 30 0000000010 2 3 54 60 25 30 0000000000 3 0 2725 60 15 30 0000000000
294943 1 7410 2 0 4 0 0 178 60 15 0 0000000000 1 1 227 60 15 30 1000000000 2 3 57 60 25 30 0000000000 3 0 2114 60 15 30 0000000000
582777 4 1888 3 0 4 0 0 179 60 15 0 0000000000 1 1 211 60 15 30 0000000010 2 3 62 60 25 30 0000000000 3 0 2724 60 15 30 0000000000
192042 2 4695 2 0 4 0 0 179 60 15 0 0000000000 1 1 136 60 15 30 1000000100 2 3 45 60 25 30 0000000000 3 0 1600 60 15 30 0000000000
985073 0 7149 2 0 4 0 0 183 60 15 0 0000000000 1 1 232 60 15 30 0000010000 2 3 52 60 25 30 0000000000 3 0 2503 60 15 30 0000000000
365372 3 1551 1 0 5 0 0 179 60 15 0 0000000000 1 1 165 60 15 30 1100000000 2 2 91 30 20 30 0000000000 3 3 46 60 25 30 0000000000 4 0 1833 60 15 30 0000000000
547530 10 9119 3 1440 4 0 0 178 60 15 0 0000000000 1 1 180 60 15 30 0000001000 2 3 54 60 25 30 0000000000 3 0 2223 60 15 30 0000000000
959850 2 7731 2 0 4 0 0 179 60 15 0 0000000000 1 1 105 60 15 30 1000000100 2 3 48 60 25 30 0000000000 3 0 1592 60 15 30 0000000000
528127 1 1551 2 0 4 0 0 182 60 15 0 0000000000 1 1 225 60 15 30 1000000000 2 3 54 60 25 30 0000000000 3 0 2076 60 15 30 0000000000
227226 4 1556 1 0 4 0 0 180 60 15 0 0000000000 1 1 219 60 15 30 0000000010 2 3 51 60 25 30 0000000000 3 0 2772 60 15 30 0000000000
213656 9 6545 1 0 5 0 0 179 60 15 0 0000000000 1 1 277 60 15 30 0000001000 2 2 84 30 20 30 0000000000 3 3 51 60 25 30 0000000000 4 0 3365 60 15 30 0000000000
662055 7 1556 3 0 4 0 0 181 60 15 0 0000000000 1 1 246 60 15 30 0001000000 2 3 44 60 25 30 0000000000 3 0 2605 60 15 30 0000000000
650352 6 7703 2 0 5 0 0 178 60 15 0 0000000000 1 1 177 60 15 30 0010100000 2 2 87 30 20 30 0000000000 3 3 51 60 25 30 0000000000 4 0 2084 60 15 30 0000000000
663348 10 7946 1 0 4 0 0 179 60 15 0 0000000000 1 1 161 60 15 30 0000001000 2 3 53 60 25 30 0000000000 3 0 2191 60 15 30 0000000000
904620 8 8016 1 1440 4 0 0 183 60 15 0 0000000000 1 1 199 60 15 30 0000000011 2 3 54 60 25 30 0000000000 3 0 2575 60 15 30 0000000000
772849 0 2203 3 0 4 0 0 179 60 15 0 0000000000 1 1 213 60 15 30 0000010000 2 3 53 60 25 30 0000000000 3 0 2558 60 15 30 0000000000
480006 10 8777 3 0 4 0 0 178 60 15 0 0000000000 1 1 182 60 15 30 0000001000 2 3 32 60 25 30 0000000000 3 0 2238 60 15 30 0000000000
356206 7 1551 2 1440 4 0 0 184 60 15 0 0000000000 1 1 225 60 15 30 0001000000 2 3 48 60 25 30 0000000000 3 0 2641 60 15 30 0000000000
165762 6 7410 1 0 5 0 0 185 60 15 0 0000000000 1 1 168 60 15 30 0010100000 2 2 98 30 20 30 0000000000 3 3 46 60 25 30 0000000000 4 0 2064 60 15 30 0000000000
817462 1 4094 2 1440 4 0 0 182 60 15 0 0000000000 1 1 216 60 15 30 1000000000 2 3 43 60 25 30 0000000000 3 0 2140 60 15 30 0000000000
500548 1 5676 1 1440 4 0 0 185 60 15 0 0000000000 1 1 186 60 15 30 1000000000 2 3 40 60 25 30 0000000000 3 0 2133 60 15 30 0000000000
255570 0 9119 1 0 4 0 0 185 60 15 0 0000000000 1 1 227 60 15 30 0000010000 2 3 48 60 25 30 0000000000 3 0 2492 60 15 30 0000000000
110890 0 7149 3 0 4 0 0 182 60 15 0 0000000000 1 1 217 60 15 30 0000010000 2 3 44 60 25 30 0000000000 3 0 2529 60 15 30 0000000000
496489 6 4695 3 0 5 0 0 180 60 15 0 0000000000 1 1 170 60 15 30 0010100000 2 2 99 30 20 30 0000000000 3 3 47 60 25 30 0000000000 4 0 2005 60 15 30 0000000000
979178 4 9119 2 1440 4 0 0 178 60 15 0 0000000000 1 1 216 60 15 30 0000000010 2 3 55 60 25 30 0000000000 3 0 2685 60 15 30 0000000000
317947 1 5837 3 0 4 0 0 177 60 15 0 0000000000 1 1 206 60 15 30 1000000000 2 3 56 60 25 30 0000000000 3 0 2121 60 15 30 0000000000
162200 6 1551 3 0 5 0 0 179 60 15 0 0000000000 1 1 184 60 15 30 0010100000 2 2 77 30 20 30 0000000000 3 3 54 60 25 30 0000000000 4 0 2103 60 15 30 0000000000
577750 9 4860 3 0 5 0 0 177 60 15 0 0000000000 1 1 270 60 15 30 0000001000 2 2 97 30 20 30 0000000000 3 3 43 60 25 30 0000000000 4 0 3366 60 15 30 0000000000
197919 1 1698 3 0 4 0 0 173 60 15 0 0000000000 1 1 228 60 15 30 1000000000 2 3 54 60 25 30 0000000000 3 0 2112 60 15 30 0000000000
731522 2 1931 1 0 4 0 0 179 60 15 0 0000000000 1 1 140 60 15 30 1000000100 2 3 54 60 25 30 0000000000 3 0 1607 60 15 30 0000000000
101977 2 1432 3 0 4 0 0 181 60 15 0 0000000000 1 1 137 60 15 30 1000000100 2 3 46 60 25 30 0000000000 3 0 1586 60 15 30 0000000000
271694 2 7896 2 0 4 0 0 178 60 15 0 0000000000 1 1 129 60 15 30 1000000100 2 3 49 60 25 30 0000000000 3 0 1587 60 15 30 0000000000
709573 4 9816 2 0 4 0 0 177 60 15 0 0000000000 1 1 222 60 15 30 0000000010 2 3 60 60 25 30 0000000000 3 0 2751 60 15 30 0000000000
332083 0 2203 3 1440 4 0 0 170 60 15 0 0000000000 1 1 249 60 15 30 0000010000 2 3 49 60 25 30 0000000000 3 0 2469 60 15 30 0000000000
444127 3 8562 1 0 5 0 0 181 60 15 0 0000000000 1 1 143 60 15 30 1100000000 2 2 94 30 20 30 0000000000 3 3 49 60 25 30 0000000000 4 0 1799 60 15 30 0000000000
695827 5 2186 1 0 4 0 0 175 60 15 0 0000000000 1 1 196 60 15 30 1000000000 2 3 53 60 25 30 0000000000 3 0 2342 60 15 30 0000000000
403461 4 8295 3 0 4 0 0 184 60 15 0 0000000000 1 1 236 60 15 30 0000000010 2 3 50 60 25 30 0000000000 3 0 2717 60 15 30 0000000000
268430 5 5676 3 0 4 0 0 183 60 15 0 0000000000 1 1 198 60 15 30 1000000000 2 3 56 60 25 30 0000000000 3 0 2322 60 15 30 0000000000
308878 5 1931 3 0 4 0 0 176 60 15 0 0000000000 1 1 206 60 15 30 1000000000 2 3 50 60 25 30 0000000000 3 0 2336 60 15 30 0000000000
547573 6 1432 3 0 5 0 0 182 60 15 0 0000000000 1 1 201 60 15 30 0010100000 2 2 96 30 20 30 0000000000 3 3 55 60 25 30 0000000000 4 0 2040 60 15 30 0000000000
815096 5 4860 3 1440 4 0 0 183 60 15 0 0000000000 1 1 203 60 15 30 1000000000 2 3 45 60 25 30 0000000000 3 0 2376 60 15 30 0000000000
474975 3 7410 1 0 5 0 0 176 60 15 0 0000000000 1 1 160 60 15 30 1100000000 2 2 87 30 20 30 0000000000 3 3 51 60 25 30 0000000000 4 0 1876 60 15 30 0000000000
594290 8 1931 3 0 4 0 0 180 60 15 0 0000000000 1 1 212 60 15 30 0000000011 2 3 49 60 25 30 0000000000 3 0 2621 60 15 30 0000000000
615149 1 9119 1 1440 4 0 0 178 60 15 0 0000000000 1 1 215 60 15 30 1000000000 2 3 50 60 25 30 0000000000 3 0 2052 60 15 30 0000000000
268232 2 2203 3 1440 4 0 0 179 60 15 0 0000000000 1 1 138 60 15 30 1000000100 2 3 46 60 25 30 0000000000 3 0 1585 60 15 30 0000000000
601950 0 1640 2 0 4 0 0 189 60 15 0 0000000000 1 1 238 60 15 30 0000010000 2 3 48 60 25 30 0000000000 3 0 2410 60 15 30 0000000000
529406 2 9714 2 1440 4 0 0 186 60 15 0 0000000000 1 1 128 60 15 30 1000000100 2 3 54 60 25 30 0000000000 3 0 1574 60 15 30 0000000000
189484 6 8016 3 0 5 0 0 186 60 15 0 0000000000 1 1 176 60 15 30 0010100000 2 2 89 30 20 30 0000000000 3 3 53 60 25 30 0000000000 4 0 2091 60 15 30 0000000000
111448 2 7703 3 1440 4 0 0 184 60 15 0 0000000000 1 1 126 60 15 30 1000000100 2 3 53 60 25 30 0000000000 3 0 1565 60 15 30 0000000000
529423 7 1698 1 1440 4 0 0 179 60 15 0 0000000000 1 1 201 60 15 30 0001000000 2 3 45 60 25 30 0000000000 3 0 2534 60 15 30 0000000000
408225 0 7410 1 0 4 0 0 171 60 15 0 0000000000 1 1 241 60 15 30 0000010000 2 3 52 60 25 30 0000000000 3 0 2515 60 15 30 0000000000
480303 4 8016 1 0 4 0 0 173 60 15 0 0000000000 1 1 228 60 15 30 0000000010 2 3 48 60 25 30 0000000000 3 0 2749 60 15 30 0000000000
480312 0 2186 3 0 4 0 0 187 60 15 0 0000000000 1 1 233 60 15 30 0000010000 2 3 42 60 25 30 0000000000 3 0 2483 60 15 30 0000000000
407488 5 1888 3 1440 4 0 0 182 60 15 0 0000000000 1 1 180 60 15 30 1000000000 2 3 51 60 25 30 0000000000 3 0 2283 60 15 30 0000000000
131662 0 4695 2 1440 4 0 0 179 60 15 0 0000000000 1 1 236 60 15 30 0000010000 2 3 52 60 25 30 0000000000 3 0 2502 60 15 30 0000000000
223343 5 9816 1 0 4 0 0 175 60 15 0 0000000000 1 1 199 60 15 30 1000000000 2 3 44 60 25 30 0000000000 3 0 2334 60 15 30 0000000000
222912 1 4860 3 1440 4 0 0 182 60 15 0 0000000000 1 1 229 60 15 30 1000000000 2 3 54 60 25 30 0000000000 3 0 2160 60 15 30 0000000000
414531 2 2793 3 0 4 0 0 179 60 15 0 0000000000 1 1 121 60 15 30 1000000100 2 3 48 60 25 30 0000000000 3 0 1600 60 15 30 0000000000
524391 0 7946 2 0 4 0 0 180 60 15 0 0000000000 1 1 222 60 15 30 0000010000 2 3 49 60 25 30 0000000000 3 0 2483 60 15 30 0000000000
514480 2 5676 2 0 4 0 0 178 60 15 0 0000000000 1 1 118 60 15 30 1000000100 2 3 45 60 25 30 0000000000 3 0 1642 60 15 30 0000000000
656552 0 8777 2 0 4 0 0 172 60 15 0 0000000000 1 1 204 60 15 30 0000010000 2 3 57 60 25 30 0000000000 3 0 2499 60 15 30 0000000000
118887 0 2186 2 0 4 0 0 185 60 15 0 0000000000 1 1 226 60 15 30 0000010000 2 3 48 60 25 30 0000000000 3 0 2488 60 15 30 0000000000
902121 2 6296 2 0 4 0 0 176 60 15 0 0000000000 1 1 113 60 15 30 1000000100 2 3 58 60 25 30 0000000000 3 0 1597 60 15 30 0000000000
959298 4 1888 2 0 4 0 0 186 60 15 0 0000000000 1 1 238 60 15 30 0000000010 2 3 52 60 25 30 0000000000 3 0 2749 60 15 30 0000000000
582302 1 8562 3 0 4 0 0 182 60 15 0 0000000000 1 1 221 60 15 30 1000000000 2 3 60 60 25 30 0000000000 3 0 2085 60 15 30 0000000000
283507 5 7410 3 0 4 0 0 180 60 15 0 0000000000 1 1 179 60 15 30 1000000000 2 3 44 60 25 30 0000000000 3 0 2364 60 15 30 0000000000
267363 1 9462 2 0 4 0 0 182 60 15 0 0000000000 1 1 214 60 15 30 1000000000 2 3 56 60 25 30 0000000000 3 0 2121 60 15 30 0000000000
183623 4 7896 3 0 4 0 0 180 60 15 0 0000000000 1 1 224 60 15 30 0000000010 2 3 47 60 25 30 0000000000 3 0 2749 60 15 30 0000000000
799189 6 6296 3 0 5 0 0 173 60 15 0 0000000000 1 1 175 60 15 30 0010100000 2 2 84 30 20 30 0000000000 3 3 47 60 25 30 0000000000 4 0 2072 60 15 30 0000000000
926934 3 8562 1 0 5 0 0 174 60 15 0 0000000000 1 1 134 60 15 30 1100000000 2 2 77 30 20 30 0000000000 3 3 48 60 25 30 0000000000 4 0 1848 60 15 30 0000000000
473525 2 1551 1 0 4 0 0 182 60 15 0 0000000000 1 1 114 60 15 30 1000000100 2 3 57 60 25 30 0000000000 3 0 1590 60 15 30 0000000000
387668 7 1551 3 1440 4 0 0 183 60 15 0 0000000000 1 1 217 60 15 30 0001000000 2 3 54 60 25 30 0000000000 3 0 2602 60 15 30 0000000000
991705 6 9119 2 0 5 0 0 185 60 15 0 0000000000 1 1 152 60 15 30 0010100000 2 2 85 30 20 30 0000000000 3 3 51 60 25 30 0000000000 4 0 2071 60 15 30 0000000000
251501 0 2015 2 0 4 0 0 178 60 15 0 0000000000 1 1 229 60 15 30 0000010000 2 3 47 60 25 30 0000000000 3 0 2484 60 15 30 0000000000
782079 0 6296 2 0 4 0 0 181 60 15 0 0000000000 1 1 227 60 15 30 0000010000 2 3 49 60 25 30 0000000000 3 0 2522 60 15 30 0000000000
206968 5 7703 3 1440 4 0 0 167 60 15 0 0000000000 1 1 186 60 15 30 1000000000 2 3 48 60 25 30 0000000000 3 0 2322 60 15 30 0000000000
477166 6 6545 1 1440 5 0 0 182 60 15 0 0000000000 1 1 172 60 15 30 0010100000 2 2 94 30 20 30 0000000000 3 3 54 60 25 30 0000000000 4 0 2104 60 15 30 0000000000
619136 7 7896 3 1440 4 0 0 186 60 15 0 0000000000 1 1 193 60 15 30 0001000000 2 3 51 60 25 30 0000000000 3 0 2620 60 15 30 0000000000
337055 7 8016 1 0 4 0 0 181 60 15 0 0000000000 1 1 232 60 15 30 0001000000 2 3 47 60 25 30 0000000000 3 0 2670 60 15 30 0000000000
340738 3 8777 2 0 5 0 0 179 60 15 0 0000000000 1 1 163 60 15 30 1100000000 2 2 82 30 20 30 0000000000 3 3 42 60 25 30 0000000000 4 0 1834 60 15 30 0000000000
972406 7 6296 3 1440 4 0 0 178 60 15 0 0000000000 1 1 229 60 15 30 0001000000 2 3 43 60 25 30 0000000000 3 0 2577 60 15 30 0000000000
916417 4 9462 1 0 4 0 0 180 60 15 0 0000000000 1 1 237 60 15 30 0000000010 2 3 51 60 25 30 0000000000 3 0 2715 60 15 30 0000000000
939714 8 7896 2 0 4 0 0 180 60 15 0 0000000000 1 1 226 60 15 30 0000000011 2 3 51 60 25 30 0000000000 3 0 2526 60 15 30 0000000000
869428 1 1432 2 1440 4 0 0 173 60 15 0 0000000000 1 1 212 60 15 30 1000000000 2 3 47 60 25 30 0000000000 3 0 2141 60 15 30 0000000000
715826 8 9462 3 0 4 0 0 179 60 15 0 0000000000 1 1 216 60 15 30 0000000011 2 3 52 60 25 30 0000000000 3 0 2565 60 15 30 0000000000
870286 1 8016 1 0 4 0 0 181 60 15 0 0000000000 1 1 218 60 15 30 1000000000 2 3 43 60 25 30 0000000000 3 0 2085 60 15 30 0000000000
842284 3 1556 2 0 5 0 0 180 60 15 0 0000000000 1 1 156 60 15 30 1100000000 2 2 86 30 20 30 0000000000 3 3 45 60 25 30 0000000000 4 0 1892 60 15 30 0000000000
769189 4 1556 3 1440 4 0 0 175 60 15 0 0000000000 1 1 220 60 15 30 0000000010 2 3 48 60 25 30 0000000000 3 0 2708 60 15 30 0000000000
935712 0 7149 3 0 4 0 0 180 60 15 0 0000000000 1 1 241 60 15 30 0000010000 2 3 49 60 25 30 0000000000 3 0 2475 60 15 30 0000000000
981699 4 6296 2 0 4 0 0 177 60 15 0 0000000000 1 1 231 60 15 30 0000000010 2 3 46 60 25 30 0000000000 3 0 2711 60 15 30 0000000000
582566 0 2209 3 0 4 0 0 187 60 15 0 0000000000 1 1 215 60 15 30 0000010000 2 3 49 60 25 30 0000000000 3 0 2525 60 15 30 0000000000
179681 1 2186 1 0 4 0 0 173 60 15 0 0000000000 1 1 214 60 15 30 1000000000 2 3 38 60 25 30 0000000000 3 0 2092 60 15 30 0000000000
687552 0 9714 3 0 4 0 0 173 60 15 0 0000000000 1 1 229 60 15 30 0000010000 2 3 49 60 25 30 0000000000 3 0 2478 60 15 30 0000000000
256857 1 1640 2 1440 4 0 0 181 60 15 0 0000000000 1 1 211 60 15 30 1000000000 2 3 49 60 25 30 0000000000 3 0 2143 60 15 30 0000000000
610771 1 7731 1 0 4 0 0 184 60 15 0 0000000000 1 1 215 60 15 30 1000000000 2 3 38 60 25 30 0000000000 3 0 2066 60 15 30 0000000000
987578 1 6194 3 0 4 0 0 176 60 15 0 0000000000 1 1 209 60 15 30 1000000000 2 3 50 60 25 30 0000000000 3 0 2099 60 15 30 0000000000
340141 5 4860 2 1440 4 0 0 178 60 15 0 0000000000 1 1 211 60 15 30 1000000000 2 3 42 60 25 30 0000000000 3 0 2335 60 15 30 0000000000
404902 0 4695 3 1440 4 0 0 176 60 15 0 0000000000 1 1 233 60 15 30 0000010000 2 3 49 60 25 30 0000000000 3 0 2572 60 15 30 0000000000
486806 0 4695 3 1440 4 0 0 181 60 15 0 0000000000 1 1 237 60 15 30 0000010000 2 3 56 60 25 30 0000000000 3 0 2509 60 15 30 0000000000
245415 4 8016 2 0 4 0 0 184 60 15 0 0000000000 1 1 225 60 15 30 0000000010 2 3 48 60 25 30 0000000000 3 0 2738 60 15 30 0000000000
776306 6 1050 2 0 5 0 0 182 60 15 0 0000000000 1 1 174 60 15 30 0010100000 2 2 104 30 20 30 0000000000 3 3 57 60 25 30 0000000000 4 0 2063 60 15 30 0000000000
592933 2 9714 3 0 4 0 0 180 60 15 0 0000000000 1 1 111 60 15 30 1000000100 2 3 45 60 25 30 0000000000 3 0 1588 60 15 30 0000000000
446632 1 2186 3 0 4 0 0 179 60 15 0 0000000000 1 1 209 60 15 30 1000000000 2 3 39 60 25 30 0000000000 3 0 2125 60 15 30 0000000000
203591 5 2186 1 0 4 0 0 180 60 15 0 0000000000 1 1 183 60 15 30 1000000000 2 3 55 60 25 30 0000000000 3 0 2325 60 15 30 0000000000
710281 4 2209 3 0 4 0 0 181 60 15 0 0000000000 1 1 242 60 15 30 0000000010 2 3 49 60 25 30 0000000000 3 0 2705 60 15 30 0000000000
626085 8 5676 1 1440 4 0 0 180 60 15 0 0000000000 1 1 224 60 15 30 0000000011 2 3 53 60 25 30 0000000000 3 0 2555 60 15 30 0000000000
763662 2 1888 3 1440 4 0 0 182 60 15 0 0000000000 1 1 115 60 15 30 1000000100 2 3 56 60 25 30 0000000000 3 0 1596 60 15 30 0000000000
811654 6 6545 1 0 5 0 0 184 60 15 0 0000000000 1 1 175 60 15 30 0010100000 2 2 88 30 20 30 0000000000 3 3 61 60 25 30 0000000000 4 0 2040 60 15 30 0000000000
720243 3 5676 3 0 5 0 0 179 60 15 0 0000000000 1 1 147 60 15 30 1100000000 2 2 87 30 20 30 0000000000 3 3 47 60 25 30 0000000000 4 0 1848 60 15 30 0000000000
908886 9 8016 1 0 5 0 0 179 60 15 0 0000000000 1 1 284 60 15 30 0000001000 2 2 76 30 20 30 0000000000 3 3 50 60 25 30 0000000000 4 0 3265 60 15 30 0000000000
10254 0 0
11650 0 1440
17933 0 0
18773 0 0
18627 0 0
13115 0 0
15750 0 1440
15779 0 0
13216 0 0
13214 0 0
16142 0 0
13090 0 0
11190 0 1440
19093 0 0
15666 0 0
10906 0 0
13370 0 1440
10803 0 0
13166 0 0
10285 0 0
14119 0 0
16018 0 0
11183 0 0
17897 0 1440
12632 0 0
14156 0 1440
12824 0 0
13746 0 0
14213 0 0
13517 0 1440
16156 0 1440
17616 0 1440
18095 0 1440
17173 0 0
14479 0 1440
14583 0 1440
18678 0 0
14651 0 0
11856 0 0
14271 0 0
14012 0 1440
19636 0 0
11224 0 0
13682 0 1440
10106 0 0
13382 0 0
10175 0 0
14027 0 0
15103 0 0
13297 0 0
11838 0 0
18559 0 0
10847 0 0
10003 0 0
13144 0 0
10457 0 0
14045 0 0
18507 0 0
12354 0 0
12840 0 0
10262 0 0
14814 0 0
15586 0 0
12302 0 0
14724 0 0
16058 0 0
14116 0 1440
15757 0 0
13676 0 0
12411 0 0
16087 0 0
16844 0 0
28047 1 011111101110 23 0 900 1440 2340 2880 3780 4320 5220 5760 6660 10080 10980 11520 12420 12960 13860 14400 15300 15840 16740 17380 17980 20160
36711 1 111111111101 23 0 900 1440 2340 2880 3780 4320 5220 5760 6660 7300 7900 10080 10980 11520 12420 12960 13860 14400 15300 15840 16740 20160
27783 1 101111111110 21 0 900 1440 2340 2880 3780 4320 5220 5760 6660 10080 10980 11520 12420 12960 13860 14400 15300 15840 16740 20160
25695 1 010101111011 23 0 900 1440 2340 2880 3780 4320 5220 5760 6660 10080 10980 11520 12420 12960 13860 14400 15300 15840 16740 17380 17980 20160
28206 1 111111111110 21 0 900 1440 2340 2880 3780 4320 5220 5760 6660 10080 10980 11520 12420 12960 13860 14400 15300 15840 16740 20160
32221 1 111001110111 21 0 900 1440 2340 2880 3780 4320 5220 5760 6660 10080 10980 11520 12420 12960 13860 14400 15300 15840 16740 20160
36260 1 111001101110 23 0 900 1440 2340 2880 3780 4320 5220 5760 6660 10080 10980 11520 12420 12960 13860 14400 15300 15840 16740 17380 17980 20160
67403 2 1 0
64015 2 1 0
66671 2 1 0
60667 2 1 0
93335 3 1 0
90834 3 1 0
88392 3 1 0
72916 3 1 0
74061 3 1 0
92122 3 1 0
73695 3 1 0
89212 3 1 0
