58 165 97 12 10
6098 15 0 900 2880 3780 5760 6660 10080 10980 11520 12420 12960 13860 14400 15300 20160
2344 17 0 900 2880 3780 4320 5220 5760 6660 7200 8100 11520 12420 14400 15300 15840 16740 20160
2016 21 0 900 1440 2340 2880 3780 4320 5220 5760 6660 7200 8100 10080 10980 11520 12420 12960 13860 14400 15300 20160
3567 19 1440 2340 2880 3780 4320 5220 5760 6660 10080 10980 11520 12420 12960 13860 14400 15300 15840 16740 20160
5910 19 1440 2340 2880 3780 4320 5220 5760 6660 10080 10980 11520 12420 12960 13860 15840 16740 17280 18180 20160
1418 19 0 900 1440 2340 5760 6660 7200 8100 10080 10980 11520 12420 14400 15300 15840 16740 17280 18180 20160
2355 19 1440 2340 2880 3780 4320 5220 5760 6660 7200 8100 10080 10980 11520 12420 14400 15300 15840 16740 20160
9046 21 0 900 1440 2340 4320 5220 5760 6660 7200 8100 10080 10980 11520 12420 12960 13860 15840 16740 17280 18180 20160
3024 17 0 900 2880 3780 4320 5220 10080 10980 11520 12420 14400 15300 15840 16740 17280 18180 20160
4249 19 0 900 1440 2340 2880 3780 5760 6660 10080 10980 11520 12420 12960 13860 14400 15300 15840 16740 20160
1981 19 0 900 2880 3780 4320 5220 5760 6660 10080 10980 12960 13860 14400 15300 15840 16740 17280 18180 20160
1074 19 0 900 1440 2340 2880 3780 4320 5220 7200 8100 10080 10980 12960 13860 14400 15300 15840 16740 20160
9764 19 0 900 1440 2340 2880 3780 4320 5220 7200 8100 10080 10980 11520 12420 12960 13860 17280 18180 20160
7739 17 0 900 1440 2340 2880 3780 4320 5220 7200 8100 10080 10980 15840 16740 17280 18180 20160
7505 19 0 900 1440 2340 4320 5220 5760 6660 7200 8100 11520 12420 12960 13860 14400 15300 17280 18180 20160
4475 21 0 900 1440 2340 2880 3780 4320 5220 5760 6660 10080 10980 11520 12420 14400 15300 15840 16740 17280 18180 20160
7981 21 0 900 1440 2340 2880 3780 4320 5220 5760 6660 7200 8100 10080 10980 12960 13860 14400 15300 15840 16740 20160
2135 19 0 900 1440 2340 4320 5220 5760 6660 10080 10980 11520 12420 12960 13860 14400 15300 17280 18180 20160
2286 13 2880 3780 4320 5220 5760 6660 10080 10980 14400 15300 15840 16740 20160
6410 15 0 900 5760 6660 7200 8100 12960 13860 14400 15300 15840 16740 17280 18180 20160
9954 15 0 900 1440 2340 4320 5220 7200 8100 10080 10980 12960 13860 17280 18180 20160
1593 17 1440 2340 2880 3780 4320 5220 5760 6660 11520 12420 12960 13860 14400 15300 15840 16740 20160
8423 23 0 900 1440 2340 2880 3780 4320 5220 5760 6660 7200 8100 10080 10980 11520 12420 14400 15300 15840 16740 17280 18180 20160
2793 19 0 900 4320 5220 7200 8100 10080 10980 11520 12420 12960 13860 14400 15300 15840 16740 17280 18180 20160
1057 19 0 900 1440 2340 2880 3780 5760 6660 7200 8100 11520 12420 14400 15300 15840 16740 17280 18180 20160
8505 21 0 900 1440 2340 2880 3780 4320 5220 5760 6660 10080 10980 12960 13860 14400 15300 15840 16740 17280 18180 20160
3824 13 5760 6660 7200 8100 10080 10980 12960 13860 14400 15300 15840 16740 20160
9371 21 0 900 1440 2340 4320 5220 5760 6660 7200 8100 10080 10980 12960 13860 14400 15300 15840 16740 17280 18180 20160
2465 15 4320 5220 5760 6660 7200 8100 11520 12420 12960 13860 15840 16740 17280 18180 20160
1603 17 0 900 1440 2340 4320 5220 7200 8100 11520 12420 12960 13860 15840 16740 17280 18180 20160
4841 19 1440 2340 4320 5220 5760 6660 7200 8100 10080 10980 12960 13860 14400 15300 15840 16740 17280 18180 20160
1100 17 0 900 1440 2340 2880 3780 5760 6660 10080 10980 12960 13860 15840 16740 17280 18180 20160
3265 21 0 900 1440 2340 2880 3780 5760 6660 7200 8100 10080 10980 11520 12420 14400 15300 15840 16740 17280 18180 20160
7821 15 0 900 2880 3780 5760 6660 7200 8100 11520 12420 14400 15300 17280 18180 20160
5138 15 1440 2340 2880 3780 5760 6660 10080 10980 12960 13860 14400 15300 15840 16740 20160
2030 15 2880 3780 4320 5220 5760 6660 7200 8100 10080 10980 15840 16740 17280 18180 20160
3335 19 2880 3780 4320 5220 5760 6660 7200 8100 11520 12420 12960 13860 14400 15300 15840 16740 17280 18180 20160
1995 17 0 900 1440 2340 2880 3780 10080 10980 12960 13860 14400 15300 15840 16740 17280 18180 20160
1299 23 0 900 1440 2340 2880 3780 4320 5220 5760 6660 7200 8100 10080 10980 11520 12420 12960 13860 14400 15300 15840 16740 20160
6743 19 2880 3780 4320 5220 7200 8100 10080 10980 11520 12420 12960 13860 14400 15300 15840 16740 17280 18180 20160
8378 15 0 900 1440 2340 2880 3780 5760 6660 7200 8100 10080 10980 11520 12420 20160
2506 19 0 900 4320 5220 5760 6660 7200 8100 11520 12420 12960 13860 14400 15300 15840 16740 17280 18180 20160
2046 17 1440 2340 4320 5220 7200 8100 10080 10980 11520 12420 12960 13860 14400 15300 17280 18180 20160
4899 15 4320 5220 7200 8100 10080 10980 11520 12420 12960 13860 14400 15300 15840 16740 20160
2673 19 1440 2340 4320 5220 5760 6660 7200 8100 10080 10980 11520 12420 12960 13860 15840 16740 17280 18180 20160
8785 21 1440 2340 2880 3780 4320 5220 5760 6660 7200 8100 11520 12420 12960 13860 14400 15300 15840 16740 17280 18180 20160
7229 19 0 900 1440 2340 4320 5220 5760 6660 10080 10980 11520 12420 12960 13860 14400 15300 15840 16740 20160
3109 21 1440 2340 2880 3780 4320 5220 5760 6660 7200 8100 11520 12420 12960 13860 14400 15300 15840 16740 17280 18180 20160
5551 21 1440 2340 2880 3780 4320 5220 5760 6660 7200 8100 10080 10980 11520 12420 12960 13860 14400 15300 17280 18180 20160
5759 21 0 900 1440 2340 2880 3780 4320 5220 7200 8100 10080 10980 11520 12420 14400 15300 15840 16740 17280 18180 20160
7839 19 1440 2340 2880 3780 4320 5220 5760 6660 10080 10980 11520 12420 12960 13860 14400 15300 17280 18180 20160
1771 19 0 900 1440 2340 2880 3780 4320 5220 5760 6660 10080 10980 14400 15300 15840 16740 17280 18180 20160
7584 15 0 900 2880 3780 4320 5220 7200 8100 10080 10980 12960 13860 14400 15300 20160
7896 21 1440 2340 2880 3780 4320 5220 5760 6660 7200 8100 10080 10980 11520 12420 14400 15300 15840 16740 17280 18180 20160
3755 17 0 900 2880 3780 4320 5220 7200 8100 11520 12420 14400 15300 15840 16740 17280 18180 20160
3179 19 1440 2340 2880 3780 4320 5220 5760 6660 10080 10980 12960 13860 14400 15300 15840 16740 17280 18180 20160
8684 23 1440 2340 2880 3780 4320 5220 5760 6660 7200 8100 10080 10980 11520 12420 12960 13860 14400 15300 15840 16740 17280 18180 20160
8704 21 0 900 1440 2340 2880 3780 4320 5220 5760 6660 7200 8100 11520 12420 14400 15300 15840 16740 17280 18180 20160
rackdeVideo 3
rackdeEndoscopia 1
microscópiOftalmo 1
microscopioNeuro 1
plataformaArgonio 1
mesasTracaoOrtopédica 2
mesasArticuladas 2
perneiraPosicaoGine 1
arcoCirurgico 2
ultrassom 1
976979 6 7981 3 0 5 0 0 178 60 15 0 0000000000 1 1 161 60 15 30 0010100000 2 2 87 30 20 30 0000000000 3 3 44 60 25 30 0000000000 4 0 2044 60 15 30 0000000000
593137 5 3024 2 0 4 0 0 179 60 15 0 0000000000 1 1 194 60 15 30 1000000000 2 3 44 60 25 30 0000000000 3 0 2325 60 15 30 0000000000
589039 2 8704 3 0 4 0 0 175 60 15 0 0000000000 1 1 142 60 15 30 1000000100 2 3 48 60 25 30 0000000000 3 0 1636 60 15 30 0000000000
867966 1 6098 1 1440 4 0 0 182 60 15 0 0000000000 1 1 244 60 15 30 1000000000 2 3 52 60 25 30 0000000000 3 0 2135 60 15 30 0000000000
912144 5 8378 2 0 4 0 0 175 60 15 0 0000000000 1 1 199 60 15 30 1000000000 2 3 47 60 25 30 0000000000 3 0 2318 60 15 30 0000000000
324714 1 3335 1 0 4 0 0 180 60 15 0 0000000000 1 1 252 60 15 30 1000000000 2 3 46 60 25 30 0000000000 3 0 2121 60 15 30 0000000000
981843 2 3024 2 0 4 0 0 182 60 15 0 0000000000 1 1 134 60 15 30 1000000100 2 3 43 60 25 30 0000000000 3 0 1590 60 15 30 0000000000
563305 0 1100 3 0 4 0 0 182 60 15 0 0000000000 1 1 232 60 15 30 0000010000 2 3 53 60 25 30 0000000000 3 0 2461 60 15 30 0000000000
638271 5 1981 2 0 4 0 0 173 60 15 0 0000000000 1 1 173 60 15 30 1000000000 2 3 49 60 25 30 0000000000 3 0 2355 60 15 30 0000000000
685031 1 2465 1 1440 4 0 0 181 60 15 0 0000000000 1 1 205 60 15 30 1000000000 2 3 52 60 25 30 0000000000 3 0 2043 60 15 30 0000000000
422658 3 1074 3 1440 5 0 0 172 60 15 0 0000000000 1 1 143 60 15 30 1100000000 2 2 90 30 20 30 0000000000 3 3 53 60 25 30 0000000000 4 0 1844 60 15 30 0000000000
685139 6 6410 1 0 5 0 0 179 60 15 0 0000000000 1 1 160 60 15 30 0010100000 2 2 103 30 20 30 0000000000 3 3 53 60 25 30 0000000000 4 0 2050 60 15 30 0000000000
853871 4 5910 3 0 4 0 0 185 60 15 0 0000000000 1 1 240 60 15 30 0000000010 2 3 44 60 25 30 0000000000 3 0 2742 60 15 30 0000000000
889113 2 3567 2 1440 4 0 0 179 60 15 0 0000000000 1 1 134 60 15 30 1000000100 2 3 49 60 25 30 0000000000 3 0 1562 60 15 30 0000000000
869210 3 1771 3 0 5 0 0 185 60 15 0 0000000000 1 1 156 60 15 30 1100000000 2 2 86 30 20 30 0000000000 3 3 51 60 25 30 0000000000 4 0 1837 60 15 30 0000000000
920839 7 1057 1 1440 4 0 0 183 60 15 0 0000000000 1 1 217 60 15 30 0001000000 2 3 43 60 25 30 0000000000 3 0 2641 60 15 30 0000000000
732431 7 4841 3 0 4 0 0 178 60 15 0 0000000000 1 1 219 60 15 30 0001000000 2 3 46 60 25 30 0000000000 3 0 2626 60 15 30 0000000000
726384 6 4475 2 0 5 0 0 187 60 15 0 0000000000 1 1 205 60 15 30 0010100000 2 2 79 30 20 30 0000000000 3 3 50 60 25 30 0000000000 4 0 2040 60 15 30 0000000000
701834 2 3824 3 0 4 0 0 178 60 15 0 0000000000 1 1 127 60 15 30 1000000100 2 3 55 60 25 30 0000000000 3 0 1603 60 15 30 0000000000
276951 11 5759 3 0 5 0 0 177 60 15 0 0000000000 1 1 290 60 15 30 0100000010 2 2 76 30 20 30 0000000000 3 3 46 60 25 30 0000000000 4 0 3390 60 15 30 0000000000
323794 3 3567 3 0 5 0 0 182 60 15 0 0000000000 1 1 137 60 15 30 1100000000 2 2 84 30 20 30 0000000000 3 3 47 60 25 30 0000000000 4 0 1864 60 15 30 0000000000
391188 1 9954 1 0 4 0 0 182 60 15 0 0000000000 1 1 201 60 15 30 1000000000 2 3 34 60 25 30 0000000000 3 0 2109 60 15 30 0000000000
162830 0 1100 3 1440 4 0 0 183 60 15 0 0000000000 1 1 243 60 15 30 0000010000 2 3 61 60 25 30 0000000000 3 0 2496 60 15 30 0000000000
973498 9 3567 2 1440 5 0 0 184 60 15 0 0000000000 1 1 270 60 15 30 0000001000 2 2 97 30 20 30 0000000000 3 3 39 60 25 30 0000000000 4 0 3279 60 15 30 0000000000
775627 2 3265 3 0 4 0 0 181 60 15 0 0000000000 1 1 127 60 15 30 1000000100 2 3 45 60 25 30 0000000000 3 0 1619 60 15 30 0000000000
931947 1 8423 2 1440 4 0 0 180 60 15 0 0000000000 1 1 210 60 15 30 1000000000 2 3 50 60 25 30 0000000000 3 0 2113 60 15 30 0000000000
518609 5 9046 3 0 4 0 0 175 60 15 0 0000000000 1 1 190 60 15 30 1000000000 2 3 48 60 25 30 0000000000 3 0 2300 60 15 30 0000000000
472821 6 6410 1 0 5 0 0 177 60 15 0 0000000000 1 1 165 60 15 30 0010100000 2 2 94 30 20 30 0000000000 3 3 49 60 25 30 0000000000 4 0 2051 60 15 30 0000000000
327243 3 2016 3 0 5 0 0 176 60 15 0 0000000000 1 1 133 60 15 30 1100000000 2 2 97 30 20 30 0000000000 3 3 47 60 25 30 0000000000 4 0 1930 60 15 30 0000000000
475396 4 5551 2 0 4 0 0 182 60 15 0 0000000000 1 1 214 60 15 30 0000000010 2 3 38 60 25 30 0000000000 3 0 2709 60 15 30 0000000000
310955 1 5910 2 0 4 0 0 187 60 15 0 0000000000 1 1 197 60 15 30 1000000000 2 3 53 60 25 30 0000000000 3 0 2121 60 15 30 0000000000
613155 5 3265 3 0 4 0 0 180 60 15 0 0000000000 1 1 200 60 15 30 1000000000 2 3 57 60 25 30 0000000000 3 0 2358 60 15 30 0000000000
811277 0 3109 1 0 4 0 0 182 60 15 0 0000000000 1 1 231 60 15 30 0000010000 2 3 34 60 25 30 0000000000 3 0 2516 60 15 30 0000000000
158634 1 4899 1 0 4 0 0 172 60 15 0 0000000000 1 1 214 60 15 30 1000000000 2 3 42 60 25 30 0000000000 3 0 2117 60 15 30 0000000000
973369 4 3335 2 0 4 0 0 183 60 15 0 0000000000 1 1 229 60 15 30 0000000010 2 3 48 60 25 30 0000000000 3 0 2760 60 15 30 0000000000
710245 9 3824 1 0 5 0 0 184 60 15 0 0000000000 1 1 276 60 15 30 0000001000 2 2 93 30 20 30 0000000000 3 3 39 60 25 30 0000000000 4 0 3322 60 15 30 0000000000
400800 1 9046 1 1440 4 0 0 178 60 15 0 0000000000 1 1 206 60 15 30 1000000000 2 3 46 60 25 30 0000000000 3 0 2116 60 15 30 0000000000
619590 6 6098 1 0 5 0 0 178 60 15 0 0000000000 1 1 175 60 15 30 0010100000 2 2 102 30 20 30 0000000000 3 3 50 60 25 30 0000000000 4 0 2069 60 15 30 0000000000
178541 1 1100 1 0 4 0 0 182 60 15 0 0000000000 1 1 221 60 15 30 1000000000 2 3 56 60 25 30 0000000000 3 0 2091 60 15 30 0000000000
444056 2 7584 3 1440 4 0 0 182 60 15 0 0000000000 1 1 137 60 15 30 1000000100 2 3 46 60 25 30 0000000000 3 0 1602 60 15 30 0000000000
437122 5 2135 1 0 4 0 0 181 60 15 0 0000000000 1 1 204 60 15 30 1000000000 2 3 51 60 25 30 0000000000 3 0 2330 60 15 30 0000000000
107263 4 8423 2 0 4 0 0 181 60 15 0 0000000000 1 1 218 60 15 30 0000000010 2 3 52 60 25 30 0000000000 3 0 2725 60 15 30 0000000000
212625 1 9764 1 0 4 0 0 178 60 15 0 0000000000 1 1 212 60 15 30 1000000000 2 3 43 60 25 30 0000000000 3 0 2096 60 15 30 0000000000
449028 10 5138 1 1440 4 0 0 180 60 15 0 0000000000 1 1 197 60 15 30 0000001000 2 3 41 60 25 30 0000000000 3 0 2191 60 15 30 0000000000
340256 5 1981 1 1440 4 0 0 176 60 15 0 0000000000 1 1 180 60 15 30 1000000000 2 3 47 60 25 30 0000000000 3 0 2329 60 15 30 0000000000
927422 2 2344 3 1440 4 0 0 175 60 15 0 0000000000 1 1 115 60 15 30 1000000100 2 3 40 60 25 30 0000000000 3 0 1586 60 15 30 0000000000
761061 0 2286 1 0 4 0 0 189 60 15 0 0000000000 1 1 205 60 15 30 0000010000 2 3 42 60 25 30 0000000000 3 0 2499 60 15 30 0000000000
635968 1 8704 3 0 4 0 0 184 60 15 0 0000000000 1 1 206 60 15 30 1000000000 2 3 51 60 25 30 0000000000 3 0 2095 60 15 30 0000000000
673122 2 1603 1 0 4 0 0 180 60 15 0 0000000000 1 1 112 60 15 30 1000000100 2 3 54 60 25 30 0000000000 3 0 1591 60 15 30 0000000000
845643 2 2344 2 0 4 0 0 182 60 15 0 0000000000 1 1 126 60 15 30 1000000100 2 3 42 60 25 30 0000000000 3 0 1609 60 15 30 0000000000
923424 2 5759 1 1440 4 0 0 182 60 15 0 0000000000 1 1 123 60 15 30 1000000100 2 3 46 60 25 30 0000000000 3 0 1615 60 15 30 0000000000
815634 0 9371 1 0 4 0 0 178 60 15 0 0000000000 1 1 231 60 15 30 0000010000 2 3 43 60 25 30 0000000000 3 0 2524 60 15 30 0000000000
492696 2 7584 3 0 4 0 0 178 60 15 0 0000000000 1 1 139 60 15 30 1000000100 2 3 45 60 25 30 0000000000 3 0 1581 60 15 30 0000000000
180686 7 7821 2 1440 4 0 0 179 60 15 0 0000000000 1 1 235 60 15 30 0001000000 2 3 50 60 25 30 0000000000 3 0 2634 60 15 30 0000000000
337634 3 1981 2 0 5 0 0 182 60 15 0 0000000000 1 1 137 60 15 30 1100000000 2 2 88 30 20 30 0000000000 3 3 55 60 25 30 0000000000 4 0 1896 60 15 30 0000000000
335553 7 3335 1 1440 4 0 0 176 60 15 0 0000000000 1 1 215 60 15 30 0001000000 2 3 42 60 25 30 0000000000 3 0 2606 60 15 30 0000000000
965420 0 9371 3 0 4 0 0 178 60 15 0 0000000000 1 1 206 60 15 30 0000010000 2 3 50 60 25 30 0000000000 3 0 2488 60 15 30 0000000000
617395 6 2673 2 0 5 0 0 177 60 15 0 0000000000 1 1 155 60 15 30 0010100000 2 2 99 30 20 30 0000000000 3 3 47 60 25 30 0000000000 4 0 2099 60 15 30 0000000000
507698 5 2286 2 0 4 0 0 178 60 15 0 0000000000 1 1 186 60 15 30 1000000000 2 3 45 60 25 30 0000000000 3 0 2313 60 15 30 0000000000
884050 1 3265 1 0 4 0 0 184 60 15 0 0000000000 1 1 195 60 15 30 1000000000 2 3 41 60 25 30 0000000000 3 0 2083 60 15 30 0000000000
511606 0 2793 2 0 4 0 0 176 60 15 0 0000000000 1 1 237 60 15 30 0000010000 2 3 49 60 25 30 0000000000 3 0 2512 60 15 30 0000000000
213057 2 3024 1 0 4 0 0 183 60 15 0 0000000000 1 1 141 60 15 30 1000000100 2 3 58 60 25 30 0000000000 3 0 1624 60 15 30 0000000000
253557 5 1418 3 0 4 0 0 178 60 15 0 0000000000 1 1 203 60 15 30 1000000000 2 3 54 60 25 30 0000000000 3 0 2344 60 15 30 0000000000
880546 1 8505 1 0 4 0 0 176 60 15 0 0000000000 1 1 231 60 15 30 1000000000 2 3 49 60 25 30 0000000000 3 0 2113 60 15 30 0000000000
409210 0 8684 1 0 4 0 0 180 60 15 0 0000000000 1 1 240 60 15 30 0000010000 2 3 53 60 25 30 0000000000 3 0 2501 60 15 30 0000000000
986761 0 2046 1 0 4 0 0 182 60 15 0 0000000000 1 1 225 60 15 30 0000010000 2 3 47 60 25 30 0000000000 3 0 2516 60 15 30 0000000000
839553 0 1995 3 1440 4 0 0 186 60 15 0 0000000000 1 1 233 60 15 30 0000010000 2 3 55 60 25 30 0000000000 3 0 2470 60 15 30 0000000000
709703 1 8785 3 1440 4 0 0 185 60 15 0 0000000000 1 1 213 60 15 30 1000000000 2 3 52 60 25 30 0000000000 3 0 2119 60 15 30 0000000000
659279 3 2016 1 0 5 0 0 182 60 15 0 0000000000 1 1 160 60 15 30 1100000000 2 2 91 30 20 30 0000000000 3 3 54 60 25 30 0000000000 4 0 1851 60 15 30 0000000000
726241 0 1100 2 0 4 0 0 181 60 15 0 0000000000 1 1 229 60 15 30 0000010000 2 3 58 60 25 30 0000000000 3 0 2529 60 15 30 0000000000
622660 6 8785 1 0 5 0 0 180 60 15 0 0000000000 1 1 176 60 15 30 0010100000 2 2 91 30 20 30 0000000000 3 3 42 60 25 30 0000000000 4 0 2079 60 15 30 0000000000
538359 7 7229 1 0 4 0 0 172 60 15 0 0000000000 1 1 207 60 15 30 0001000000 2 3 60 60 25 30 0000000000 3 0 2637 60 15 30 0000000000
293358 1 1995 2 0 4 0 0 183 60 15 0 0000000000 1 1 200 60 15 30 1000000000 2 3 49 60 25 30 0000000000 3 0 2064 60 15 30 0000000000
337304 4 2286 3 0 4 0 0 172 60 15 0 0000000000 1 1 225 60 15 30 0000000010 2 3 50 60 25 30 0000000000 3 0 2688 60 15 30 0000000000
927667 2 8423 1 0 4 0 0 176 60 15 0 0000000000 1 1 124 60 15 30 1000000100 2 3 51 60 25 30 0000000000 3 0 1592 60 15 30 0000000000
241672 7 9764 2 1440 4 0 0 175 60 15 0 0000000000 1 1 218 60 15 30 0001000000 2 3 53 60 25 30 0000000000 3 0 2550 60 15 30 0000000000
731610 4 7839 1 0 4 0 0 177 60 15 0 0000000000 1 1 234 60 15 30 0000000010 2 3 58 60 25 30 0000000000 3 0 2682 60 15 30 0000000000
584910 2 6098 1 0 4 0 0 183 60 15 0 0000000000 1 1 122 60 15 30 1000000100 2 3 46 60 25 30 0000000000 3 0 1621 60 15 30 0000000000
432717 7 7229 1 1440 4 0 0 177 60 15 0 0000000000 1 1 227 60 15 30 0001000000 2 3 49 60 25 30 0000000000 3 0 2677 60 15 30 0000000000
622545 2 2793 1 0 4 0 0 181 60 15 0 0000000000 1 1 127 60 15 30 1000000100 2 3 50 60 25 30 0000000000 3 0 1595 60 15 30 0000000000
617756 0 7896 2 0 4 0 0 180 60 15 0 0000000000 1 1 233 60 15 30 0000010000 2 3 47 60 25 30 0000000000 3 0 2483 60 15 30 0000000000
511717 8 6410 1 0 4 0 0 182 60 15 0 0000000000 1 1 209 60 15 30 0000000011 2 3 57 60 25 30 0000000000 3 0 2567 60 15 30 0000000000
171755 0 7584 1 0 4 0 0 176 60 15 0 0000000000 1 1 231 60 15 30 0000010000 2 3 58 60 25 30 0000000000 3 0 2464 60 15 30 0000000000
801787 2 7981 3 0 4 0 0 173 60 15 0 0000000000 1 1 122 60 15 30 1000000100 2 3 50 60 25 30 0000000000 3 0 1571 60 15 30 0000000000
953410 1 7505 2 0 4 0 0 178 60 15 0 0000000000 1 1 230 60 15 30 1000000000 2 3 52 60 25 30 0000000000 3 0 2137 60 15 30 0000000000
336282 3 1995 1 0 5 0 0 182 60 15 0 0000000000 1 1 161 60 15 30 1100000000 2 2 82 30 20 30 0000000000 3 3 48 60 25 30 0000000000 4 0 1853 60 15 30 0000000000
503370 1 2506 3 0 4 0 0 184 60 15 0 0000000000 1 1 204 60 15 30 1000000000 2 3 57 60 25 30 0000000000 3 0 2074 60 15 30 0000000000
888507 4 5910 2 1440 4 0 0 176 60 15 0 0000000000 1 1 231 60 15 30 0000000010 2 3 40 60 25 30 0000000000 3 0 2760 60 15 30 0000000000
389683 6 2135 1 0 5 0 0 178 60 15 0 0000000000 1 1 156 60 15 30 0010100000 2 2 103 30 20 30 0000000000 3 3 44 60 25 30 0000000000 4 0 2094 60 15 30 0000000000
960169 5 5138 2 0 4 0 0 181 60 15 0 0000000000 1 1 198 60 15 30 1000000000 2 3 56 60 25 30 0000000000 3 0 2336 60 15 30 0000000000
156172 5 3265 1 0 4 0 0 176 60 15 0 0000000000 1 1 176 60 15 30 1000000000 2 3 48 60 25 30 0000000000 3 0 2361 60 15 30 0000000000
359330 7 2793 3 0 4 0 0 184 60 15 0 0000000000 1 1 219 60 15 30 0001000000 2 3 49 60 25 30 0000000000 3 0 2657 60 15 30 0000000000
186797 0 2344 1 0 4 0 0 186 60 15 0 0000000000 1 1 229 60 15 30 0000010000 2 3 48 60 25 30 0000000000 3 0 2503 60 15 30 0000000000
323038 10 8423 3 0 4 0 0 180 60 15 0 0000000000 1 1 164 60 15 30 0000001000 2 3 51 60 25 30 0000000000 3 0 2169 60 15 30 0000000000
484025 6 7839 1 0 5 0 0 179 60 15 0 0000000000 1 1 167 60 15 30 0010100000 2 2 83 30 20 30 0000000000 3 3 46 60 25 30 0000000000 4 0 2034 60 15 30 0000000000
836414 2 1603 3 1440 4 0 0 178 60 15 0 0000000000 1 1 143 60 15 30 1000000100 2 3 55 60 25 30 0000000000 3 0 1560 60 15 30 0000000000
244204 1 2344 3 0 4 0 0 178 60 15 0 0000000000 1 1 218 60 15 30 1000000000 2 3 49 60 25 30 0000000000 3 0 2075 60 15 30 0000000000
208057 0 7739 3 0 4 0 0 182 60 15 0 0000000000 1 1 249 60 15 30 0000010000 2 3 53 60 25 30 0000000000 3 0 2529 60 15 30 0000000000
760440 3 2030 3 0 5 0 0 174 60 15 0 0000000000 1 1 161 60 15 30 1100000000 2 2 89 30 20 30 0000000000 3 3 48 60 25 30 0000000000 4 0 1847 60 15 30 0000000000
358714 3 6098 1 0 5 0 0 180 60 15 0 0000000000 1 1 149 60 15 30 1100000000 2 2 84 30 20 30 0000000000 3 3 55 60 25 30 0000000000 4 0 1836 60 15 30 0000000000
140840 2 5759 1 0 4 0 0 178 60 15 0 0000000000 1 1 129 60 15 30 1000000100 2 3 44 60 25 30 0000000000 3 0 1597 60 15 30 0000000000
116950 0 3335 1 0 4 0 0 181 60 15 0 0000000000 1 1 227 60 15 30 0000010000 2 3 54 60 25 30 0000000000 3 0 2495 60 15 30 0000000000
343251 1 2135 2 0 4 0 0 185 60 15 0 0000000000 1 1 197 60 15 30 1000000000 2 3 58 60 25 30 0000000000 3 0 2093 60 15 30 0000000000
963659 3 3179 1 0 5 0 0 178 60 15 0 0000000000 1 1 143 60 15 30 1100000000 2 2 85 30 20 30 0000000000 3 3 49 60 25 30 0000000000 4 0 1883 60 15 30 0000000000
772573 1 9371 2 0 4 0 0 175 60 15 0 0000000000 1 1 233 60 15 30 1000000000 2 3 43 60 25 30 0000000000 3 0 2122 60 15 30 0000000000
640621 10 9371 3 0 4 0 0 182 60 15 0 0000000000 1 1 186 60 15 30 0000001000 2 3 51 60 25 30 0000000000 3 0 2178 60 15 30 0000000000
518535 0 2046 3 0 4 0 0 181 60 15 0 0000000000 1 1 235 60 15 30 0000010000 2 3 56 60 25 30 0000000000 3 0 2480 60 15 30 0000000000
639867 6 9046 1 1440 5 0 0 184 60 15 0 0000000000 1 1 174 60 15 30 0010100000 2 2 98 30 20 30 0000000000 3 3 48 60 25 30 0000000000 4 0 2079 60 15 30 0000000000
653282 11 1299 2 0 5 0 0 184 60 15 0 0000000000 1 1 293 60 15 30 0100000010 2 2 69 30 20 30 0000000000 3 3 43 60 25 30 0000000000 4 0 3451 60 15 30 0000000000
590410 2 2506 3 0 4 0 0 184 60 15 0 0000000000 1 1 130 60 15 30 1000000100 2 3 41 60 25 30 0000000000 3 0 1599 60 15 30 0000000000
248653 1 3567 2 0 4 0 0 180 60 15 0 0000000000 1 1 204 60 15 30 1000000000 2 3 50 60 25 30 0000000000 3 0 2121 60 15 30 0000000000
525417 3 2016 1 0 5 0 0 168 60 15 0 0000000000 1 1 156 60 15 30 1100000000 2 2 94 30 20 30 0000000000 3 3 48 60 25 30 0000000000 4 0 1872 60 15 30 0000000000
595379 8 3755 3 0 4 0 0 183 60 15 0 0000000000 1 1 213 60 15 30 0000000011 2 3 50 60 25 30 0000000000 3 0 2532 60 15 30 0000000000
798156 6 6743 1 0 5 0 0 173 60 15 0 0000000000 1 1 167 60 15 30 0010100000 2 2 96 30 20 30 0000000000 3 3 55 60 25 30 0000000000 4 0 2046 60 15 30 0000000000
602623 4 2355 2 0 4 0 0 179 60 15 0 0000000000 1 1 211 60 15 30 0000000010 2 3 46 60 25 30 0000000000 3 0 2748 60 15 30 0000000000
571770 3 8684 3 0 5 0 0 183 60 15 0 0000000000 1 1 141 60 15 30 1100000000 2 2 90 30 20 30 0000000000 3 3 48 60 25 30 0000000000 4 0 1924 60 15 30 0000000000
451683 8 5910 3 0 4 0 0 191 60 15 0 0000000000 1 1 203 60 15 30 0000000011 2 3 55 60 25 30 0000000000 3 0 2620 60 15 30 0000000000
900846 4 1995 3 0 4 0 0 172 60 15 0 0000000000 1 1 231 60 15 30 0000000010 2 3 50 60 25 30 0000000000 3 0 2738 60 15 30 0000000000
160161 2 5551 2 1440 4 0 0 178 60 15 0 0000000000 1 1 122 60 15 30 1000000100 2 3 44 60 25 30 0000000000 3 0 1596 60 15 30 0000000000
520393 3 1100 2 1440 5 0 0 179 60 15 0 0000000000 1 1 165 60 15 30 1100000000 2 2 103 30 20 30 0000000000 3 3 43 60 25 30 0000000000 4 0 1811 60 15 30 0000000000
271399 5 5759 3 0 4 0 0 182 60 15 0 0000000000 1 1 206 60 15 30 1000000000 2 3 57 60 25 30 0000000000 3 0 2390 60 15 30 0000000000
763735 1 5551 1 0 4 0 0 176 60 15 0 0000000000 1 1 217 60 15 30 1000000000 2 3 49 60 25 30 0000000000 3 0 2081 60 15 30 0000000000
187456 5 7584 2 1440 4 0 0 179 60 15 0 0000000000 1 1 187 60 15 30 1000000000 2 3 57 60 25 30 0000000000 3 0 2365 60 15 30 0000000000
776212 3 3024 1 0 5 0 0 176 60 15 0 0000000000 1 1 149 60 15 30 1100000000 2 2 84 30 20 30 0000000000 3 3 57 60 25 30 0000000000 4 0 1883 60 15 30 0000000000
374206 9 2465 2 0 5 0 0 179 60 15 0 0000000000 1 1 267 60 15 30 0000001000 2 2 85 30 20 30 0000000000 3 3 57 60 25 30 0000000000 4 0 3338 60 15 30 0000000000
724381 0 2506 3 0 4 0 0 174 60 15 0 0000000000 1 1 213 60 15 30 0000010000 2 3 59 60 25 30 0000000000 3 0 2486 60 15 30 0000000000
308014 1 4899 2 1440 4 0 0 176 60 15 0 0000000000 1 1 226 60 15 30 1000000000 2 3 45 60 25 30 0000000000 3 0 2112 60 15 30 0000000000
686983 5 3755 1 0 4 0 0 183 60 15 0 0000000000 1 1 185 60 15 30 1000000000 2 3 44 60 25 30 0000000000 3 0 2313 60 15 30 0000000000
256835 2 7821 1 0 4 0 0 175 60 15 0 0000000000 1 1 144 60 15 30 1000000100 2 3 48 60 25 30 0000000000 3 0 1586 60 15 30 0000000000
617451 7 2506 3 0 4 0 0 181 60 15 0 0000000000 1 1 215 60 15 30 0001000000 2 3 52 60 25 30 0000000000 3 0 2622 60 15 30 0000000000
221541 4 2793 2 1440 4 0 0 178 60 15 0 0000000000 1 1 215 60 15 30 0000000010 2 3 49 60 25 30 0000000000 3 0 2655 60 15 30 0000000000
814910 7 9371 2 0 4 0 0 175 60 15 0 0000000000 1 1 215 60 15 30 0001000000 2 3 47 60 25 30 0000000000 3 0 2597 60 15 30 0000000000
690467 3 3755 2 0 5 0 0 185 60 15 0 0000000000 1 1 161 60 15 30 1100000000 2 2 87 30 20 30 0000000000 3 3 49 60 25 30 0000000000 4 0 1819 60 15 30 0000000000
470571 0 1995 2 1440 4 0 0 182 60 15 0 0000000000 1 1 236 60 15 30 0000010000 2 3 50 60 25 30 0000000000 3 0 2567 60 15 30 0000000000
573022 7 7739 1 0 4 0 0 174 60 15 0 0000000000 1 1 207 60 15 30 0001000000 2 3 49 60 25 30 0000000000 3 0 2664 60 15 30 0000000000
320736 2 9371 2 1440 4 0 0 180 60 15 0 0000000000 1 1 123 60 15 30 1000000100 2 3 54 60 25 30 0000000000 3 0 1588 60 15 30 0000000000
966467 0 7839 3 0 4 0 0 184 60 15 0 0000000000 1 1 198 60 15 30 0000010000 2 3 50 60 25 30 0000000000 3 0 2509 60 15 30 0000000000
309928 3 5910 1 1440 5 0 0 187 60 15 0 0000000000 1 1 150 60 15 30 1100000000 2 2 91 30 20 30 0000000000 3 3 51 60 25 30 0000000000 4 0 1848 60 15 30 0000000000
554016 5 9764 3 0 4 0 0 186 60 15 0 0000000000 1 1 186 60 15 30 1000000000 2 3 52 60 25 30 0000000000 3 0 2311 60 15 30 0000000000
810422 0 9046 2 1440 4 0 0 177 60 15 0 0000000000 1 1 240 60 15 30 0000010000 2 3 59 60 25 30 0000000000 3 0 2495 60 15 30 0000000000
835025 0 7896 3 1440 4 0 0 177 60 15 0 0000000000 1 1 231 60 15 30 0000010000 2 3 48 60 25 30 0000000000 3 0 2507 60 15 30 0000000000
601665 3 9371 1 0 5 0 0 182 60 15 0 0000000000 1 1 143 60 15 30 1100000000 2 2 92 30 20 30 0000000000 3 3 55 60 25 30 0000000000 4 0 1839 60 15 30 0000000000
571320 3 2016 2 0 5 0 0 177 60 15 0 0000000000 1 1 170 60 15 30 1100000000 2 2 86 30 20 30 0000000000 3 3 47 60 25 30 0000000000 4 0 1857 60 15 30 0000000000
984596 4 5138 3 1440 4 0 0 171 60 15 0 0000000000 1 1 226 60 15 30 0000000010 2 3 43 60 25 30 0000000000 3 0 2661 60 15 30 0000000000
729519 5 2016 1 0 4 0 0 172 60 15 0 0000000000 1 1 190 60 15 30 1000000000 2 3 53 60 25 30 0000000000 3 0 2291 60 15 30 0000000000
170760 0 9954 2 0 4 0 0 184 60 15 0 0000000000 1 1 233 60 15 30 0000010000 2 3 50 60 25 30 0000000000 3 0 2471 60 15 30 0000000000
178420 11 4249 1 0 5 0 0 184 60 15 0 0000000000 1 1 296 60 15 30 0100000010 2 2 98 30 20 30 0000000000 3 3 53 60 25 30 0000000000 4 0 3348 60 15 30 0000000000
773798 9 7739 3 0 5 0 0 179 60 15 0 0000000000 1 1 266 60 15 30 0000001000 2 2 92 30 20 30 0000000000 3 3 49 60 25 30 0000000000 4 0 3298 60 15 30 0000000000
430180 10 1299 1 0 4 0 0 183 60 15 0 0000000000 1 1 182 60 15 30 0000001000 2 3 49 60 25 30 0000000000 3 0 2183 60 15 30 0000000000
472626 5 2793 3 0 4 0 0 179 60 15 0 0000000000 1 1 181 60 15 30 1000000000 2 3 55 60 25 30 0000000000 3 0 2376 60 15 30 0000000000
182871 4 1100 2 0 4 0 0 182 60 15 0 0000000000 1 1 220 60 15 30 0000000010 2 3 50 60 25 30 0000000000 3 0 2675 60 15 30 0000000000
275574 3 2016 3 0 5 0 0 185 60 15 0 0000000000 1 1 154 60 15 30 1100000000 2 2 90 30 20 30 0000000000 3 3 43 60 25 30 0000000000 4 0 1891 60 15 30 0000000000
755447 1 9954 1 0 4 0 0 174 60 15 0 0000000000 1 1 227 60 15 30 1000000000 2 3 63 60 25 30 0000000000 3 0 2087 60 15 30 0000000000
383431 1 1995 1 0 4 0 0 177 60 15 0 0000000000 1 1 220 60 15 30 1000000000 2 3 53 60 25 30 0000000000 3 0 2162 60 15 30 0000000000
260937 1 8785 1 1440 4 0 0 177 60 15 0 0000000000 1 1 219 60 15 30 1000000000 2 3 47 60 25 30 0000000000 3 0 2122 60 15 30 0000000000
581723 6 1299 1 0 5 0 0 180 60 15 0 0000000000 1 1 163 60 15 30 0010100000 2 2 87 30 20 30 0000000000 3 3 41 60 25 30 0000000000 4 0 2046 60 15 30 0000000000
527422 11 3824 2 0 5 0 0 180 60 15 0 0000000000 1 1 298 60 15 30 0100000010 2 2 83 30 20 30 0000000000 3 3 46 60 25 30 0000000000 4 0 3361 60 15 30 0000000000
397048 8 8785 2 0 4 0 0 179 60 15 0 0000000000 1 1 202 60 15 30 0000000011 2 3 60 60 25 30 0000000000 3 0 2590 60 15 30 0000000000
711703 3 2030 3 0 5 0 0 175 60 15 0 0000000000 1 1 150 60 15 30 1100000000 2 2 91 30 20 30 0000000000 3 3 49 60 25 30 0000000000 4 0 1853 60 15 30 0000000000
944293 2 1418 2 0 4 0 0 177 60 15 0 0000000000 1 1 146 60 15 30 1000000100 2 3 55 60 25 30 0000000000 3 0 1621 60 15 30 0000000000
510306 0 3109 3 0 4 0 0 184 60 15 0 0000000000 1 1 216 60 15 30 0000010000 2 3 46 60 25 30 0000000000 3 0 2479 60 15 30 0000000000
807142 2 5138 1 0 4 0 0 183 60 15 0 0000000000 1 1 144 60 15 30 1000000100 2 3 49 60 25 30 0000000000 3 0 1578 60 15 30 0000000000
572923 1 1771 2 1440 4 0 0 180 60 15 0 0000000000 1 1 217 60 15 30 1000000000 2 3 44 60 25 30 0000000000 3 0 2099 60 15 30 0000000000
991553 1 2286 1 0 4 0 0 176 60 15 0 0000000000 1 1 225 60 15 30 1000000000 2 3 42 60 25 30 0000000000 3 0 2087 60 15 30 0000000000
700910 2 1603 3 0 4 0 0 181 60 15 0 0000000000 1 1 124 60 15 30 1000000100 2 3 48 60 25 30 0000000000 3 0 1623 60 15 30 0000000000
15829 0 0
17979 0 0
15743 0 1440
17548 0 1440
13796 0 0
18976 0 0
10619 0 1440
17237 0 0
14618 0 0
16822 0 0
16576 0 0
13766 0 1440
18462 0 0
18361 0 0
14231 0 0
13480 0 0
19927 0 0
14687 0 0
11516 0 0
18263 0 1440
18655 0 0
17945 0 0
15439 0 1440
16568 0 1440
15965 0 1440
10185 0 0
12836 0 0
16971 0 0
16136 0 0
11623 0 1440
17831 0 0
14636 0 0
11513 0 0
12806 0 0
19868 0 0
16070 0 0
12644 0 0
13811 0 0
17866 0 0
19058 0 0
14944 0 0
18068 0 0
14520 0 1440
10326 0 0
15722 0 0
17392 0 0
18866 0 1440
18044 0 1440
16708 0 0
11151 0 0
19935 0 0
18720 0 0
16594 0 0
12290 0 0
16901 0 0
17043 0 0
11257 0 0
15017 0 0
14031 0 1440
12206 0 0
12160 0 1440
18295 0 0
16836 0 0
16711 0 0
12246 0 1440
14376 0 0
13621 0 0
16719 0 0
18405 0 0
17217 0 0
19976 0 0
13960 0 0
14405 0 0
18488 0 0
19814 0 0
18190 0 0
17592 0 0
10844 0 1440
22988 1 011111111110 23 0 900 1440 2340 2880 3780 4320 5220 5760 6660 10080 10980 11520 12420 12960 13860 14400 15300 15840 16740 17380 17980 20160
48667 1 111111011111 23 0 900 1440 2340 2880 3780 4320 5220 5760 6660 7300 7900 10080 10980 11520 12420 12960 13860 14400 15300 15840 16740 20160
29369 1 111011011110 25 0 900 1440 2340 2880 3780 4320 5220 5760 6660 7300 7900 10080 10980 11520 12420 12960 13860 14400 15300 15840 16740 17380 17980 20160
49336 1 110110110101 21 0 900 1440 2340 2880 3780 4320 5220 5760 6660 10080 10980 11520 12420 12960 13860 14400 15300 15840 16740 20160
49469 1 111101110111 23 0 900 1440 2340 2880 3780 4320 5220 5760 6660 10080 10980 11520 12420 12960 13860 14400 15300 15840 16740 17380 17980 20160
47528 1 101111010011 21 0 900 1440 2340 2880 3780 4320 5220 5760 6660 10080 10980 11520 12420 12960 13860 14400 15300 15840 16740 20160
27536 1 101101010111 21 0 900 1440 2340 2880 3780 4320 5220 5760 6660 10080 10980 11520 12420 12960 13860 14400 15300 15840 16740 20160
54263 2 1 0
58578 2 1 0
62347 2 1 0
54094 2 1 0
65322 2 1 0
97424 3 1 0
81484 3 1 0
99847 3 1 0
78699 3 1 0
85396 3 1 0
98742 3 1 0
93191 3 1 0
