53 173 117 12 10
3572 15 0 900 5760 6660 7200 8100 10080 10980 11520 12420 12960 13860 14400 15300 20160
6299 19 0 900 4320 5220 5760 6660 7200 8100 10080 10980 11520 12420 12960 13860 15840 16740 17280 18180 20160
2390 25 0 900 1440 2340 2880 3780 4320 5220 5760 6660 7200 8100 10080 10980 11520 12420 12960 13860 14400 15300 15840 16740 17280 18180 20160
2449 13 1440 2340 2880 3780 5760 6660 10080 10980 15840 16740 17280 18180 20160
1938 23 0 900 1440 2340 2880 3780 5760 6660 7200 8100 10080 10980 11520 12420 12960 13860 14400 15300 15840 16740 17280 18180 20160
9439 19 0 900 1440 2340 2880 3780 4320 5220 5760 6660 10080 10980 14400 15300 15840 16740 17280 18180 20160
1659 25 0 900 1440 2340 2880 3780 4320 5220 5760 6660 7200 8100 10080 10980 11520 12420 12960 13860 14400 15300 15840 16740 17280 18180 20160
7521 19 0 900 2880 3780 4320 5220 5760 6660 10080 10980 11520 12420 12960 13860 14400 15300 17280 18180 20160
7559 23 0 900 2880 3780 4320 5220 5760 6660 7200 8100 10080 10980 11520 12420 12960 13860 14400 15300 15840 16740 17280 18180 20160
7993 15 1440 2340 2880 3780 4320 5220 5760 6660 7200 8100 10080 10980 17280 18180 20160
6931 21 0 900 2880 3780 4320 5220 5760 6660 7200 8100 10080 10980 12960 13860 14400 15300 15840 16740 17280 18180 20160
5744 19 1440 2340 2880 3780 4320 5220 5760 6660 7200 8100 10080 10980 11520 12420 12960 13860 15840 16740 20160
5066 19 0 900 1440 2340 2880 3780 4320 5220 5760 6660 7200 8100 12960 13860 14400 15300 17280 18180 20160
8193 23 0 900 1440 2340 2880 3780 4320 5220 5760 6660 7200 8100 10080 10980 12960 13860 14400 15300 15840 16740 17280 18180 20160
5924 15 0 900 2880 3780 7200 8100 11520 12420 12960 13860 14400 15300 17280 18180 20160
1663 19 0 900 1440 2340 2880 3780 4320 5220 5760 6660 10080 10980 11520 12420 12960 13860 14400 15300 20160
7459 21 0 900 1440 2340 2880 3780 4320 5220 5760 6660 7200 8100 11520 12420 12960 13860 14400 15300 17280 18180 20160
2081 17 1440 2340 2880 3780 5760 6660 7200 8100 10080 10980 11520 12420 15840 16740 17280 18180 20160
6109 21 0 900 1440 2340 2880 3780 4320 5220 5760 6660 7200 8100 10080 10980 12960 13860 14400 15300 17280 18180 20160
4277 19 1440 2340 4320 5220 5760 6660 10080 10980 11520 12420 12960 13860 14400 15300 15840 16740 17280 18180 20160
2701 17 0 900 2880 3780 4320 5220 5760 6660 7200 8100 10080 10980 14400 15300 15840 16740 20160
7348 17 0 900 1440 2340 10080 10980 11520 12420 12960 13860 14400 15300 15840 16740 17280 18180 20160
6486 19 0 900 2880 3780 4320 5220 5760 6660 7200 8100 10080 10980 11520 12420 15840 16740 17280 18180 20160
9538 19 1440 2340 2880 3780 4320 5220 5760 6660 10080 10980 11520 12420 12960 13860 14400 15300 17280 18180 20160
3184 17 1440 2340 4320 5220 5760 6660 7200 8100 12960 13860 14400 15300 15840 16740 17280 18180 20160
2603 17 1440 2340 2880 3780 4320 5220 7200 8100 10080 10980 12960 13860 14400 15300 17280 18180 20160
2730 15 0 900 2880 3780 4320 5220 7200 8100 10080 10980 11520 12420 12960 13860 20160
5053 21 0 900 2880 3780 4320 5220 5760 6660 7200 8100 11520 12420 12960 13860 14400 15300 15840 16740 17280 18180 20160
2278 19 0 900 1440 2340 2880 3780 4320 5220 5760 6660 7200 8100 10080 10980 15840 16740 17280 18180 20160
6275 23 0 900 1440 2340 2880 3780 4320 5220 5760 6660 7200 8100 10080 10980 11520 12420 12960 13860 14400 15300 17280 18180 20160
6855 11 1440 2340 4320 5220 14400 15300 15840 16740 17280 18180 20160
2197 23 0 900 2880 3780 4320 5220 5760 6660 7200 8100 10080 10980 11520 12420 12960 13860 14400 15300 15840 16740 17280 18180 20160
2429 17 0 900 1440 2340 4320 5220 7200 8100 10080 10980 11520 12420 12960 13860 15840 16740 20160
7460 23 0 900 1440 2340 4320 5220 5760 6660 7200 8100 10080 10980 11520 12420 12960 13860 14400 15300 15840 16740 17280 18180 20160
7816 21 0 900 1440 2340 2880 3780 4320 5220 5760 6660 7200 8100 10080 10980 11520 12420 15840 16740 17280 18180 20160
8950 19 0 900 1440 2340 2880 3780 4320 5220 7200 8100 11520 12420 12960 13860 15840 16740 17280 18180 20160
9602 17 2880 3780 4320 5220 7200 8100 10080 10980 11520 12420 12960 13860 14400 15300 15840 16740 20160
9241 21 0 900 1440 2340 2880 3780 7200 8100 10080 10980 11520 12420 12960 13860 14400 15300 15840 16740 17280 18180 20160
5396 23 0 900 2880 3780 4320 5220 5760 6660 7200 8100 10080 10980 11520 12420 12960 13860 14400 15300 15840 16740 17280 18180 20160
9842 13 0 900 1440 2340 2880 3780 4320 5220 5760 6660 12960 13860 20160
9045 15 0 900 2880 3780 4320 5220 5760 6660 7200 8100 10080 10980 17280 18180 20160
3056 15 0 900 2880 3780 4320 5220 7200 8100 12960 13860 14400 15300 17280 18180 20160
6372 15 0 900 2880 3780 4320 5220 11520 12420 12960 13860 15840 16740 17280 18180 20160
6173 23 0 900 1440 2340 2880 3780 4320 5220 5760 6660 7200 8100 11520 12420 12960 13860 14400 15300 15840 16740 17280 18180 20160
2837 19 0 900 1440 2340 5760 6660 7200 8100 10080 10980 11520 12420 12960 13860 14400 15300 17280 18180 20160
3110 23 0 900 1440 2340 2880 3780 4320 5220 5760 6660 7200 8100 10080 10980 11520 12420 12960 13860 14400 15300 15840 16740 20160
8507 17 0 900 2880 3780 5760 6660 7200 8100 10080 10980 11520 12420 14400 15300 17280 18180 20160
8830 17 2880 3780 4320 5220 5760 6660 10080 10980 11520 12420 12960 13860 15840 16740 17280 18180 20160
8080 15 0 900 1440 2340 4320 5220 7200 8100 10080 10980 11520 12420 14400 15300 20160
4603 17 0 900 1440 2340 2880 3780 4320 5220 7200 8100 10080 10980 11520 12420 17280 18180 20160
8462 21 2880 3780 4320 5220 5760 6660 7200 8100 10080 10980 11520 12420 12960 13860 14400 15300 15840 16740 17280 18180 20160
5957 15 1440 2340 4320 5220 5760 6660 10080 10980 11520 12420 12960 13860 17280 18180 20160
9444 19 1440 2340 2880 3780 4320 5220 5760 6660 7200 8100 10080 10980 11520 12420 12960 13860 17280 18180 20160
rackdeVideo 3
rackdeEndoscopia 1
microscópiOftalmo 1
microscopioNeuro 1
plataformaArgonio 1
mesasTracaoOrtopédica 2
mesasArticuladas 2
perneiraPosicaoGine 1
arcoCirurgico 2
ultrassom 1
671439 1 9439 3 0 4 0 0 182 60 15 0 0000000000 1 1 216 60 15 30 1000000000 2 3 49 60 25 30 0000000000 3 0 2160 60 15 30 0000000000
903989 7 7816 2 0 4 0 0 180 60 15 0 0000000000 1 1 210 60 15 30 0001000000 2 3 45 60 25 30 0000000000 3 0 2607 60 15 30 0000000000
724299 4 3056 2 1440 4 0 0 183 60 15 0 0000000000 1 1 216 60 15 30 0000000010 2 3 44 60 25 30 0000000000 3 0 2698 60 15 30 0000000000
859168 4 5957 3 0 4 0 0 179 60 15 0 0000000000 1 1 220 60 15 30 0000000010 2 3 46 60 25 30 0000000000 3 0 2686 60 15 30 0000000000
318843 1 9602 2 0 4 0 0 182 60 15 0 0000000000 1 1 200 60 15 30 1000000000 2 3 53 60 25 30 0000000000 3 0 2114 60 15 30 0000000000
596186 5 5744 1 1440 4 0 0 182 60 15 0 0000000000 1 1 200 60 15 30 1000000000 2 3 53 60 25 30 0000000000 3 0 2300 60 15 30 0000000000
311583 10 9045 2 0 4 0 0 181 60 15 0 0000000000 1 1 174 60 15 30 0000001000 2 3 50 60 25 30 0000000000 3 0 2176 60 15 30 0000000000
374227 4 6372 2 0 4 0 0 179 60 15 0 0000000000 1 1 232 60 15 30 0000000010 2 3 55 60 25 30 0000000000 3 0 2764 60 15 30 0000000000
621555 0 9241 3 0 4 0 0 183 60 15 0 0000000000 1 1 221 60 15 30 0000010000 2 3 46 60 25 30 0000000000 3 0 2462 60 15 30 0000000000
259120 2 3110 2 0 4 0 0 182 60 15 0 0000000000 1 1 127 60 15 30 1000000100 2 3 50 60 25 30 0000000000 3 0 1582 60 15 30 0000000000
138984 11 5396 3 0 5 0 0 178 60 15 0 0000000000 1 1 285 60 15 30 0100000010 2 2 90 30 20 30 0000000000 3 3 60 60 25 30 0000000000 4 0 3409 60 15 30 0000000000
481102 0 8507 1 0 4 0 0 184 60 15 0 0000000000 1 1 213 60 15 30 0000010000 2 3 49 60 25 30 0000000000 3 0 2500 60 15 30 0000000000
409204 8 1938 2 0 4 0 0 179 60 15 0 0000000000 1 1 214 60 15 30 0000000011 2 3 57 60 25 30 0000000000 3 0 2578 60 15 30 0000000000
642665 3 6109 2 1440 5 0 0 180 60 15 0 0000000000 1 1 156 60 15 30 1100000000 2 2 96 30 20 30 0000000000 3 3 61 60 25 30 0000000000 4 0 1897 60 15 30 0000000000
770980 5 7993 1 0 4 0 0 183 60 15 0 0000000000 1 1 203 60 15 30 1000000000 2 3 40 60 25 30 0000000000 3 0 2313 60 15 30 0000000000
597132 5 3184 1 0 4 0 0 173 60 15 0 0000000000 1 1 203 60 15 30 1000000000 2 3 53 60 25 30 0000000000 3 0 2346 60 15 30 0000000000
113914 0 6275 3 0 4 0 0 183 60 15 0 0000000000 1 1 233 60 15 30 0000010000 2 3 54 60 25 30 0000000000 3 0 2518 60 15 30 0000000000
647675 2 2197 1 0 4 0 0 180 60 15 0 0000000000 1 1 148 60 15 30 1000000100 2 3 47 60 25 30 0000000000 3 0 1616 60 15 30 0000000000
581562 4 5053 1 0 4 0 0 179 60 15 0 0000000000 1 1 220 60 15 30 0000000010 2 3 42 60 25 30 0000000000 3 0 2741 60 15 30 0000000000
257883 9 3056 3 0 5 0 0 177 60 15 0 0000000000 1 1 289 60 15 30 0000001000 2 2 105 30 20 30 0000000000 3 3 40 60 25 30 0000000000 4 0 3380 60 15 30 0000000000
217569 1 7816 3 1440 4 0 0 186 60 15 0 0000000000 1 1 223 60 15 30 1000000000 2 3 57 60 25 30 0000000000 3 0 2083 60 15 30 0000000000
430632 4 2837 3 0 4 0 0 190 60 15 0 0000000000 1 1 241 60 15 30 0000000010 2 3 47 60 25 30 0000000000 3 0 2794 60 15 30 0000000000
380360 0 7460 3 1440 4 0 0 175 60 15 0 0000000000 1 1 235 60 15 30 0000010000 2 3 53 60 25 30 0000000000 3 0 2514 60 15 30 0000000000
479674 2 7993 2 0 4 0 0 182 60 15 0 0000000000 1 1 123 60 15 30 1000000100 2 3 41 60 25 30 0000000000 3 0 1613 60 15 30 0000000000
620130 4 6372 2 0 4 0 0 184 60 15 0 0000000000 1 1 225 60 15 30 0000000010 2 3 40 60 25 30 0000000000 3 0 2704 60 15 30 0000000000
577384 3 1663 3 0 5 0 0 179 60 15 0 0000000000 1 1 166 60 15 30 1100000000 2 2 91 30 20 30 0000000000 3 3 57 60 25 30 0000000000 4 0 1876 60 15 30 0000000000
601432 1 3572 1 0 4 0 0 179 60 15 0 0000000000 1 1 220 60 15 30 1000000000 2 3 62 60 25 30 0000000000 3 0 2130 60 15 30 0000000000
808797 1 1659 3 0 4 0 0 177 60 15 0 0000000000 1 1 220 60 15 30 1000000000 2 3 48 60 25 30 0000000000 3 0 2083 60 15 30 0000000000
457350 4 2837 3 1440 4 0 0 182 60 15 0 0000000000 1 1 223 60 15 30 0000000010 2 3 46 60 25 30 0000000000 3 0 2665 60 15 30 0000000000
802213 5 4277 2 0 4 0 0 172 60 15 0 0000000000 1 1 207 60 15 30 1000000000 2 3 52 60 25 30 0000000000 3 0 2305 60 15 30 0000000000
502514 0 9439 2 0 4 0 0 185 60 15 0 0000000000 1 1 248 60 15 30 0000010000 2 3 48 60 25 30 0000000000 3 0 2455 60 15 30 0000000000
759877 3 9045 3 0 5 0 0 183 60 15 0 0000000000 1 1 154 60 15 30 1100000000 2 2 75 30 20 30 0000000000 3 3 39 60 25 30 0000000000 4 0 1822 60 15 30 0000000000
278576 3 3572 2 0 5 0 0 177 60 15 0 0000000000 1 1 139 60 15 30 1100000000 2 2 92 30 20 30 0000000000 3 3 45 60 25 30 0000000000 4 0 1859 60 15 30 0000000000
941713 3 8507 3 0 5 0 0 171 60 15 0 0000000000 1 1 149 60 15 30 1100000000 2 2 98 30 20 30 0000000000 3 3 46 60 25 30 0000000000 4 0 1859 60 15 30 0000000000
341572 4 5924 2 1440 4 0 0 174 60 15 0 0000000000 1 1 215 60 15 30 0000000010 2 3 48 60 25 30 0000000000 3 0 2728 60 15 30 0000000000
227544 6 9602 3 0 5 0 0 177 60 15 0 0000000000 1 1 177 60 15 30 0010100000 2 2 88 30 20 30 0000000000 3 3 46 60 25 30 0000000000 4 0 2118 60 15 30 0000000000
467335 2 5066 3 0 4 0 0 181 60 15 0 0000000000 1 1 120 60 15 30 1000000100 2 3 49 60 25 30 0000000000 3 0 1611 60 15 30 0000000000
318096 5 2701 2 0 4 0 0 178 60 15 0 0000000000 1 1 172 60 15 30 1000000000 2 3 48 60 25 30 0000000000 3 0 2363 60 15 30 0000000000
638839 3 6486 2 0 5 0 0 174 60 15 0 0000000000 1 1 159 60 15 30 1100000000 2 2 98 30 20 30 0000000000 3 3 59 60 25 30 0000000000 4 0 1866 60 15 30 0000000000
535921 2 9602 2 1440 4 0 0 173 60 15 0 0000000000 1 1 120 60 15 30 1000000100 2 3 45 60 25 30 0000000000 3 0 1614 60 15 30 0000000000
683768 0 3184 1 0 4 0 0 184 60 15 0 0000000000 1 1 218 60 15 30 0000010000 2 3 49 60 25 30 0000000000 3 0 2509 60 15 30 0000000000
456671 8 7559 1 0 4 0 0 178 60 15 0 0000000000 1 1 205 60 15 30 0000000011 2 3 49 60 25 30 0000000000 3 0 2539 60 15 30 0000000000
884113 5 2197 1 0 4 0 0 174 60 15 0 0000000000 1 1 191 60 15 30 1000000000 2 3 52 60 25 30 0000000000 3 0 2322 60 15 30 0000000000
496653 1 9045 1 1440 4 0 0 183 60 15 0 0000000000 1 1 210 60 15 30 1000000000 2 3 54 60 25 30 0000000000 3 0 2106 60 15 30 0000000000
485305 2 6372 3 0 4 0 0 181 60 15 0 0000000000 1 1 123 60 15 30 1000000100 2 3 52 60 25 30 0000000000 3 0 1611 60 15 30 0000000000
159339 7 3572 2 0 4 0 0 180 60 15 0 0000000000 1 1 233 60 15 30 0001000000 2 3 52 60 25 30 0000000000 3 0 2628 60 15 30 0000000000
974040 5 2278 1 0 4 0 0 176 60 15 0 0000000000 1 1 203 60 15 30 1000000000 2 3 52 60 25 30 0000000000 3 0 2367 60 15 30 0000000000
434421 9 7459 3 1440 5 0 0 178 60 15 0 0000000000 1 1 290 60 15 30 0000001000 2 2 94 30 20 30 0000000000 3 3 62 60 25 30 0000000000 4 0 3388 60 15 30 0000000000
744736 6 2603 1 0 5 0 0 179 60 15 0 0000000000 1 1 186 60 15 30 0010100000 2 2 84 30 20 30 0000000000 3 3 60 60 25 30 0000000000 4 0 2023 60 15 30 0000000000
745633 4 9439 2 0 4 0 0 174 60 15 0 0000000000 1 1 228 60 15 30 0000000010 2 3 47 60 25 30 0000000000 3 0 2709 60 15 30 0000000000
559621 2 9439 2 1440 4 0 0 177 60 15 0 0000000000 1 1 130 60 15 30 1000000100 2 3 52 60 25 30 0000000000 3 0 1607 60 15 30 0000000000
792284 10 6275 3 1440 4 0 0 183 60 15 0 0000000000 1 1 165 60 15 30 0000001000 2 3 57 60 25 30 0000000000 3 0 2176 60 15 30 0000000000
979582 3 7993 1 0 5 0 0 184 60 15 0 0000000000 1 1 157 60 15 30 1100000000 2 2 110 30 20 30 0000000000 3 3 52 60 25 30 0000000000 4 0 1842 60 15 30 0000000000
134571 0 2390 1 0 4 0 0 190 60 15 0 0000000000 1 1 229 60 15 30 0000010000 2 3 51 60 25 30 0000000000 3 0 2488 60 15 30 0000000000
957850 0 6109 1 0 4 0 0 178 60 15 0 0000000000 1 1 238 60 15 30 0000010000 2 3 49 60 25 30 0000000000 3 0 2475 60 15 30 0000000000
140207 0 5957 2 0 4 0 0 176 60 15 0 0000000000 1 1 218 60 15 30 0000010000 2 3 48 60 25 30 0000000000 3 0 2479 60 15 30 0000000000
335637 3 6486 2 1440 5 0 0 183 60 15 0 0000000000 1 1 141 60 15 30 1100000000 2 2 93 30 20 30 0000000000 3 3 53 60 25 30 0000000000 4 0 1831 60 15 30 0000000000
739587 6 3110 3 0 5 0 0 176 60 15 0 0000000000 1 1 182 60 15 30 0010100000 2 2 109 30 20 30 0000000000 3 3 51 60 25 30 0000000000 4 0 2108 60 15 30 0000000000
497435 5 9241 1 0 4 0 0 184 60 15 0 0000000000 1 1 201 60 15 30 1000000000 2 3 55 60 25 30 0000000000 3 0 2327 60 15 30 0000000000
246509 4 5924 3 0 4 0 0 181 60 15 0 0000000000 1 1 223 60 15 30 0000000010 2 3 45 60 25 30 0000000000 3 0 2731 60 15 30 0000000000
967908 9 2081 2 1440 5 0 0 176 60 15 0 0000000000 1 1 271 60 15 30 0000001000 2 2 86 30 20 30 0000000000 3 3 48 60 25 30 0000000000 4 0 3354 60 15 30 0000000000
381349 1 8830 2 0 4 0 0 185 60 15 0 0000000000 1 1 211 60 15 30 1000000000 2 3 50 60 25 30 0000000000 3 0 2082 60 15 30 0000000000
174106 1 7459 1 0 4 0 0 182 60 15 0 0000000000 1 1 214 60 15 30 1000000000 2 3 56 60 25 30 0000000000 3 0 2069 60 15 30 0000000000
370851 2 8193 2 0 4 0 0 184 60 15 0 0000000000 1 1 139 60 15 30 1000000100 2 3 44 60 25 30 0000000000 3 0 1572 60 15 30 0000000000
925626 0 4277 2 0 4 0 0 184 60 15 0 0000000000 1 1 215 60 15 30 0000010000 2 3 41 60 25 30 0000000000 3 0 2491 60 15 30 0000000000
323923 4 5066 3 0 4 0 0 186 60 15 0 0000000000 1 1 214 60 15 30 0000000010 2 3 55 60 25 30 0000000000 3 0 2679 60 15 30 0000000000
759432 2 2081 2 1440 4 0 0 177 60 15 0 0000000000 1 1 126 60 15 30 1000000100 2 3 45 60 25 30 0000000000 3 0 1602 60 15 30 0000000000
351138 0 9444 1 0 4 0 0 182 60 15 0 0000000000 1 1 221 60 15 30 0000010000 2 3 49 60 25 30 0000000000 3 0 2507 60 15 30 0000000000
554339 7 8830 2 0 4 0 0 179 60 15 0 0000000000 1 1 209 60 15 30 0001000000 2 3 53 60 25 30 0000000000 3 0 2593 60 15 30 0000000000
336442 2 5396 1 0 4 0 0 176 60 15 0 0000000000 1 1 125 60 15 30 1000000100 2 3 47 60 25 30 0000000000 3 0 1616 60 15 30 0000000000
655104 6 9444 1 1440 5 0 0 179 60 15 0 0000000000 1 1 175 60 15 30 0010100000 2 2 89 30 20 30 0000000000 3 3 54 60 25 30 0000000000 4 0 2099 60 15 30 0000000000
587147 2 5957 3 0 4 0 0 175 60 15 0 0000000000 1 1 134 60 15 30 1000000100 2 3 48 60 25 30 0000000000 3 0 1629 60 15 30 0000000000
280013 6 5066 1 0 5 0 0 179 60 15 0 0000000000 1 1 175 60 15 30 0010100000 2 2 79 30 20 30 0000000000 3 3 54 60 25 30 0000000000 4 0 2051 60 15 30 0000000000
935587 5 1659 1 0 4 0 0 184 60 15 0 0000000000 1 1 188 60 15 30 1000000000 2 3 56 60 25 30 0000000000 3 0 2329 60 15 30 0000000000
953286 3 7459 1 0 5 0 0 179 60 15 0 0000000000 1 1 148 60 15 30 1100000000 2 2 99 30 20 30 0000000000 3 3 50 60 25 30 0000000000 4 0 1875 60 15 30 0000000000
326267 3 8830 3 0 5 0 0 176 60 15 0 0000000000 1 1 156 60 15 30 1100000000 2 2 107 30 20 30 0000000000 3 3 36 60 25 30 0000000000 4 0 1821 60 15 30 0000000000
611911 2 1659 3 0 4 0 0 185 60 15 0 0000000000 1 1 124 60 15 30 1000000100 2 3 48 60 25 30 0000000000 3 0 1595 60 15 30 0000000000
775750 6 5924 2 0 5 0 0 184 60 15 0 0000000000 1 1 167 60 15 30 0010100000 2 2 80 30 20 30 0000000000 3 3 42 60 25 30 0000000000 4 0 2118 60 15 30 0000000000
685006 2 9842 1 0 4 0 0 181 60 15 0 0000000000 1 1 126 60 15 30 1000000100 2 3 45 60 25 30 0000000000 3 0 1620 60 15 30 0000000000
387565 0 2197 1 1440 4 0 0 182 60 15 0 0000000000 1 1 256 60 15 30 0000010000 2 3 52 60 25 30 0000000000 3 0 2494 60 15 30 0000000000
759244 5 7460 3 0 4 0 0 182 60 15 0 0000000000 1 1 195 60 15 30 1000000000 2 3 50 60 25 30 0000000000 3 0 2347 60 15 30 0000000000
943561 3 8462 3 1440 5 0 0 187 60 15 0 0000000000 1 1 153 60 15 30 1100000000 2 2 93 30 20 30 0000000000 3 3 52 60 25 30 0000000000 4 0 1827 60 15 30 0000000000
105413 0 9602 2 0 4 0 0 175 60 15 0 0000000000 1 1 217 60 15 30 0000010000 2 3 52 60 25 30 0000000000 3 0 2490 60 15 30 0000000000
614457 6 8080 1 0 5 0 0 181 60 15 0 0000000000 1 1 164 60 15 30 0010100000 2 2 82 30 20 30 0000000000 3 3 47 60 25 30 0000000000 4 0 2050 60 15 30 0000000000
268351 0 6275 2 0 4 0 0 177 60 15 0 0000000000 1 1 214 60 15 30 0000010000 2 3 61 60 25 30 0000000000 3 0 2513 60 15 30 0000000000
565632 1 7993 1 0 4 0 0 179 60 15 0 0000000000 1 1 221 60 15 30 1000000000 2 3 49 60 25 30 0000000000 3 0 2098 60 15 30 0000000000
871945 5 3184 1 1440 4 0 0 177 60 15 0 0000000000 1 1 194 60 15 30 1000000000 2 3 43 60 25 30 0000000000 3 0 2319 60 15 30 0000000000
109096 2 2197 3 0 4 0 0 178 60 15 0 0000000000 1 1 136 60 15 30 1000000100 2 3 48 60 25 30 0000000000 3 0 1615 60 15 30 0000000000
706808 6 7816 2 1440 5 0 0 181 60 15 0 0000000000 1 1 175 60 15 30 0010100000 2 2 101 30 20 30 0000000000 3 3 51 60 25 30 0000000000 4 0 2036 60 15 30 0000000000
199042 0 7459 2 0 4 0 0 178 60 15 0 0000000000 1 1 252 60 15 30 0000010000 2 3 46 60 25 30 0000000000 3 0 2495 60 15 30 0000000000
540991 3 6931 1 1440 5 0 0 187 60 15 0 0000000000 1 1 154 60 15 30 1100000000 2 2 91 30 20 30 0000000000 3 3 50 60 25 30 0000000000 4 0 1885 60 15 30 0000000000
175140 0 5924 3 0 4 0 0 182 60 15 0 0000000000 1 1 232 60 15 30 0000010000 2 3 54 60 25 30 0000000000 3 0 2473 60 15 30 0000000000
933315 5 2837 2 0 4 0 0 177 60 15 0 0000000000 1 1 199 60 15 30 1000000000 2 3 53 60 25 30 0000000000 3 0 2351 60 15 30 0000000000
303572 2 2449 2 0 4 0 0 181 60 15 0 0000000000 1 1 122 60 15 30 1000000100 2 3 46 60 25 30 0000000000 3 0 1561 60 15 30 0000000000
707463 0 2081 2 0 4 0 0 178 60 15 0 0000000000 1 1 219 60 15 30 0000010000 2 3 45 60 25 30 0000000000 3 0 2481 60 15 30 0000000000
480812 2 9444 1 0 4 0 0 185 60 15 0 0000000000 1 1 129 60 15 30 1000000100 2 3 39 60 25 30 0000000000 3 0 1618 60 15 30 0000000000
614645 2 7559 1 0 4 0 0 182 60 15 0 0000000000 1 1 136 60 15 30 1000000100 2 3 46 60 25 30 0000000000 3 0 1598 60 15 30 0000000000
958126 10 9444 2 0 4 0 0 178 60 15 0 0000000000 1 1 187 60 15 30 0000001000 2 3 54 60 25 30 0000000000 3 0 2173 60 15 30 0000000000
300859 0 8507 3 0 4 0 0 179 60 15 0 0000000000 1 1 217 60 15 30 0000010000 2 3 40 60 25 30 0000000000 3 0 2471 60 15 30 0000000000
932342 7 6372 2 0 4 0 0 178 60 15 0 0000000000 1 1 215 60 15 30 0001000000 2 3 41 60 25 30 0000000000 3 0 2578 60 15 30 0000000000
516763 5 8462 3 0 4 0 0 186 60 15 0 0000000000 1 1 212 60 15 30 1000000000 2 3 50 60 25 30 0000000000 3 0 2355 60 15 30 0000000000
601788 0 2730 2 0 4 0 0 172 60 15 0 0000000000 1 1 212 60 15 30 0000010000 2 3 47 60 25 30 0000000000 3 0 2520 60 15 30 0000000000
826547 1 3572 3 0 4 0 0 184 60 15 0 0000000000 1 1 218 60 15 30 1000000000 2 3 59 60 25 30 0000000000 3 0 2051 60 15 30 0000000000
414589 1 9241 3 0 4 0 0 187 60 15 0 0000000000 1 1 222 60 15 30 1000000000 2 3 55 60 25 30 0000000000 3 0 2077 60 15 30 0000000000
135576 0 2278 2 1440 4 0 0 177 60 15 0 0000000000 1 1 223 60 15 30 0000010000 2 3 40 60 25 30 0000000000 3 0 2473 60 15 30 0000000000
249190 10 2429 3 0 4 0 0 179 60 15 0 0000000000 1 1 180 60 15 30 0000001000 2 3 56 60 25 30 0000000000 3 0 2205 60 15 30 0000000000
222900 1 2278 1 0 4 0 0 185 60 15 0 0000000000 1 1 211 60 15 30 1000000000 2 3 56 60 25 30 0000000000 3 0 2083 60 15 30 0000000000
260063 5 9842 2 0 4 0 0 178 60 15 0 0000000000 1 1 196 60 15 30 1000000000 2 3 54 60 25 30 0000000000 3 0 2346 60 15 30 0000000000
126688 8 3184 1 0 4 0 0 178 60 15 0 0000000000 1 1 213 60 15 30 0000000011 2 3 53 60 25 30 0000000000 3 0 2607 60 15 30 0000000000
196073 5 1938 3 0 4 0 0 184 60 15 0 0000000000 1 1 192 60 15 30 1000000000 2 3 42 60 25 30 0000000000 3 0 2333 60 15 30 0000000000
543292 7 3184 3 0 4 0 0 178 60 15 0 0000000000 1 1 215 60 15 30 0001000000 2 3 42 60 25 30 0000000000 3 0 2634 60 15 30 0000000000
270180 9 6299 3 0 5 0 0 176 60 15 0 0000000000 1 1 282 60 15 30 0000001000 2 2 77 30 20 30 0000000000 3 3 49 60 25 30 0000000000 4 0 3382 60 15 30 0000000000
716828 6 3110 3 0 5 0 0 183 60 15 0 0000000000 1 1 183 60 15 30 0010100000 2 2 71 30 20 30 0000000000 3 3 49 60 25 30 0000000000 4 0 2049 60 15 30 0000000000
202527 0 1938 3 0 4 0 0 181 60 15 0 0000000000 1 1 208 60 15 30 0000010000 2 3 50 60 25 30 0000000000 3 0 2514 60 15 30 0000000000
679924 4 2081 1 0 4 0 0 185 60 15 0 0000000000 1 1 218 60 15 30 0000000010 2 3 46 60 25 30 0000000000 3 0 2664 60 15 30 0000000000
230334 3 5066 1 0 5 0 0 178 60 15 0 0000000000 1 1 160 60 15 30 1100000000 2 2 89 30 20 30 0000000000 3 3 43 60 25 30 0000000000 4 0 1831 60 15 30 0000000000
288442 2 1938 2 0 4 0 0 177 60 15 0 0000000000 1 1 124 60 15 30 1000000100 2 3 50 60 25 30 0000000000 3 0 1613 60 15 30 0000000000
545842 2 9045 1 0 4 0 0 173 60 15 0 0000000000 1 1 133 60 15 30 1000000100 2 3 50 60 25 30 0000000000 3 0 1648 60 15 30 0000000000
235616 6 9444 3 0 5 0 0 181 60 15 0 0000000000 1 1 178 60 15 30 0010100000 2 2 97 30 20 30 0000000000 3 3 42 60 25 30 0000000000 4 0 2065 60 15 30 0000000000
269592 7 9602 3 0 4 0 0 186 60 15 0 0000000000 1 1 237 60 15 30 0001000000 2 3 59 60 25 30 0000000000 3 0 2584 60 15 30 0000000000
870523 0 9241 2 0 4 0 0 176 60 15 0 0000000000 1 1 218 60 15 30 0000010000 2 3 44 60 25 30 0000000000 3 0 2478 60 15 30 0000000000
455631 1 9602 3 0 4 0 0 186 60 15 0 0000000000 1 1 209 60 15 30 1000000000 2 3 53 60 25 30 0000000000 3 0 2127 60 15 30 0000000000
893612 0 5924 2 0 4 0 0 177 60 15 0 0000000000 1 1 233 60 15 30 0000010000 2 3 51 60 25 30 0000000000 3 0 2473 60 15 30 0000000000
588820 3 5066 1 0 5 0 0 178 60 15 0 0000000000 1 1 159 60 15 30 1100000000 2 2 81 30 20 30 0000000000 3 3 53 60 25 30 0000000000 4 0 1815 60 15 30 0000000000
464206 8 5924 2 0 4 0 0 179 60 15 0 0000000000 1 1 207 60 15 30 0000000011 2 3 57 60 25 30 0000000000 3 0 2578 60 15 30 0000000000
894120 6 7521 1 0 5 0 0 178 60 15 0 0000000000 1 1 171 60 15 30 0010100000 2 2 95 30 20 30 0000000000 3 3 35 60 25 30 0000000000 4 0 2041 60 15 30 0000000000
901808 8 9444 3 0 4 0 0 176 60 15 0 0000000000 1 1 221 60 15 30 0000000011 2 3 54 60 25 30 0000000000 3 0 2585 60 15 30 0000000000
719375 0 3056 1 1440 4 0 0 176 60 15 0 0000000000 1 1 226 60 15 30 0000010000 2 3 44 60 25 30 0000000000 3 0 2536 60 15 30 0000000000
466195 9 9538 3 0 5 0 0 181 60 15 0 0000000000 1 1 286 60 15 30 0000001000 2 2 88 30 20 30 0000000000 3 3 61 60 25 30 0000000000 4 0 3355 60 15 30 0000000000
666609 3 9444 1 0 5 0 0 177 60 15 0 0000000000 1 1 162 60 15 30 1100000000 2 2 85 30 20 30 0000000000 3 3 37 60 25 30 0000000000 4 0 1814 60 15 30 0000000000
111075 9 4603 2 0 5 0 0 186 60 15 0 0000000000 1 1 274 60 15 30 0000001000 2 2 86 30 20 30 0000000000 3 3 48 60 25 30 0000000000 4 0 3381 60 15 30 0000000000
624164 7 4603 1 1440 4 0 0 172 60 15 0 0000000000 1 1 213 60 15 30 0001000000 2 3 40 60 25 30 0000000000 3 0 2575 60 15 30 0000000000
276280 8 1663 2 0 4 0 0 172 60 15 0 0000000000 1 1 209 60 15 30 0000000011 2 3 48 60 25 30 0000000000 3 0 2591 60 15 30 0000000000
663054 4 5924 3 1440 4 0 0 176 60 15 0 0000000000 1 1 211 60 15 30 0000000010 2 3 43 60 25 30 0000000000 3 0 2727 60 15 30 0000000000
721134 1 8462 1 0 4 0 0 182 60 15 0 0000000000 1 1 223 60 15 30 1000000000 2 3 53 60 25 30 0000000000 3 0 2097 60 15 30 0000000000
341148 2 2197 3 1440 4 0 0 177 60 15 0 0000000000 1 1 131 60 15 30 1000000100 2 3 58 60 25 30 0000000000 3 0 1589 60 15 30 0000000000
770809 6 5396 2 0 5 0 0 183 60 15 0 0000000000 1 1 162 60 15 30 0010100000 2 2 103 30 20 30 0000000000 3 3 56 60 25 30 0000000000 4 0 2040 60 15 30 0000000000
462985 0 5396 2 0 4 0 0 177 60 15 0 0000000000 1 1 231 60 15 30 0000010000 2 3 51 60 25 30 0000000000 3 0 2509 60 15 30 0000000000
119227 3 2449 2 0 5 0 0 180 60 15 0 0000000000 1 1 145 60 15 30 1100000000 2 2 87 30 20 30 0000000000 3 3 49 60 25 30 0000000000 4 0 1892 60 15 30 0000000000
632186 10 7559 2 0 4 0 0 184 60 15 0 0000000000 1 1 177 60 15 30 0000001000 2 3 55 60 25 30 0000000000 3 0 2265 60 15 30 0000000000
542827 6 7521 3 0 5 0 0 178 60 15 0 0000000000 1 1 163 60 15 30 0010100000 2 2 93 30 20 30 0000000000 3 3 55 60 25 30 0000000000 4 0 2010 60 15 30 0000000000
827643 7 8080 2 0 4 0 0 176 60 15 0 0000000000 1 1 208 60 15 30 0001000000 2 3 49 60 25 30 0000000000 3 0 2596 60 15 30 0000000000
794071 4 8830 1 0 4 0 0 184 60 15 0 0000000000 1 1 225 60 15 30 0000000010 2 3 57 60 25 30 0000000000 3 0 2682 60 15 30 0000000000
788909 0 7459 1 0 4 0 0 172 60 15 0 0000000000 1 1 220 60 15 30 0000010000 2 3 50 60 25 30 0000000000 3 0 2482 60 15 30 0000000000
130463 2 7559 1 0 4 0 0 181 60 15 0 0000000000 1 1 111 60 15 30 1000000100 2 3 47 60 25 30 0000000000 3 0 1609 60 15 30 0000000000
300016 0 9842 3 0 4 0 0 174 60 15 0 0000000000 1 1 215 60 15 30 0000010000 2 3 50 60 25 30 0000000000 3 0 2458 60 15 30 0000000000
366129 1 5396 2 0 4 0 0 177 60 15 0 0000000000 1 1 220 60 15 30 1000000000 2 3 50 60 25 30 0000000000 3 0 2088 60 15 30 0000000000
114872 3 4277 2 1440 5 0 0 175 60 15 0 0000000000 1 1 172 60 15 30 1100000000 2 2 99 30 20 30 0000000000 3 3 49 60 25 30 0000000000 4 0 1796 60 15 30 0000000000
889055 2 9538 3 1440 4 0 0 180 60 15 0 0000000000 1 1 129 60 15 30 1000000100 2 3 43 60 25 30 0000000000 3 0 1632 60 15 30 0000000000
389830 0 2603 1 0 4 0 0 178 60 15 0 0000000000 1 1 222 60 15 30 0000010000 2 3 40 60 25 30 0000000000 3 0 2489 60 15 30 0000000000
634378 3 6486 1 1440 5 0 0 177 60 15 0 0000000000 1 1 142 60 15 30 1100000000 2 2 82 30 20 30 0000000000 3 3 43 60 25 30 0000000000 4 0 1870 60 15 30 0000000000
213704 5 6486 1 0 4 0 0 177 60 15 0 0000000000 1 1 206 60 15 30 1000000000 2 3 35 60 25 30 0000000000 3 0 2304 60 15 30 0000000000
349908 2 1663 2 0 4 0 0 187 60 15 0 0000000000 1 1 124 60 15 30 1000000100 2 3 47 60 25 30 0000000000 3 0 1597 60 15 30 0000000000
203902 1 3184 2 0 4 0 0 177 60 15 0 0000000000 1 1 238 60 15 30 1000000000 2 3 41 60 25 30 0000000000 3 0 2139 60 15 30 0000000000
920302 0 3056 3 0 4 0 0 178 60 15 0 0000000000 1 1 233 60 15 30 0000010000 2 3 44 60 25 30 0000000000 3 0 2493 60 15 30 0000000000
722864 3 8950 2 0 5 0 0 179 60 15 0 0000000000 1 1 163 60 15 30 1100000000 2 2 84 30 20 30 0000000000 3 3 49 60 25 30 0000000000 4 0 1806 60 15 30 0000000000
705870 3 2278 3 0 5 0 0 176 60 15 0 0000000000 1 1 163 60 15 30 1100000000 2 2 89 30 20 30 0000000000 3 3 47 60 25 30 0000000000 4 0 1862 60 15 30 0000000000
552706 10 2278 2 1440 4 0 0 182 60 15 0 0000000000 1 1 182 60 15 30 0000001000 2 3 41 60 25 30 0000000000 3 0 2225 60 15 30 0000000000
823300 3 7459 1 0 5 0 0 183 60 15 0 0000000000 1 1 149 60 15 30 1100000000 2 2 92 30 20 30 0000000000 3 3 55 60 25 30 0000000000 4 0 1813 60 15 30 0000000000
918073 1 2837 1 0 4 0 0 181 60 15 0 0000000000 1 1 236 60 15 30 1000000000 2 3 47 60 25 30 0000000000 3 0 2139 60 15 30 0000000000
905814 0 6372 1 0 4 0 0 177 60 15 0 0000000000 1 1 243 60 15 30 0000010000 2 3 54 60 25 30 0000000000 3 0 2486 60 15 30 0000000000
516113 0 9439 2 1440 4 0 0 177 60 15 0 0000000000 1 1 226 60 15 30 0000010000 2 3 58 60 25 30 0000000000 3 0 2502 60 15 30 0000000000
679688 3 9602 1 0 5 0 0 175 60 15 0 0000000000 1 1 145 60 15 30 1100000000 2 2 74 30 20 30 0000000000 3 3 49 60 25 30 0000000000 4 0 1879 60 15 30 0000000000
253506 0 9045 2 0 4 0 0 185 60 15 0 0000000000 1 1 235 60 15 30 0000010000 2 3 54 60 25 30 0000000000 3 0 2500 60 15 30 0000000000
640486 0 6931 1 0 4 0 0 178 60 15 0 0000000000 1 1 234 60 15 30 0000010000 2 3 47 60 25 30 0000000000 3 0 2494 60 15 30 0000000000
948894 10 5053 2 0 4 0 0 179 60 15 0 0000000000 1 1 202 60 15 30 0000001000 2 3 61 60 25 30 0000000000 3 0 2207 60 15 30 0000000000
673897 8 7521 1 0 4 0 0 177 60 15 0 0000000000 1 1 210 60 15 30 0000000011 2 3 44 60 25 30 0000000000 3 0 2634 60 15 30 0000000000
625080 0 6109 1 0 4 0 0 181 60 15 0 0000000000 1 1 223 60 15 30 0000010000 2 3 48 60 25 30 0000000000 3 0 2455 60 15 30 0000000000
400201 0 3184 1 1440 4 0 0 182 60 15 0 0000000000 1 1 222 60 15 30 0000010000 2 3 49 60 25 30 0000000000 3 0 2515 60 15 30 0000000000
341012 3 5744 3 0 5 0 0 174 60 15 0 0000000000 1 1 160 60 15 30 1100000000 2 2 80 30 20 30 0000000000 3 3 48 60 25 30 0000000000 4 0 1866 60 15 30 0000000000
385061 0 5924 1 0 4 0 0 176 60 15 0 0000000000 1 1 239 60 15 30 0000010000 2 3 42 60 25 30 0000000000 3 0 2456 60 15 30 0000000000
485397 0 6372 3 0 4 0 0 185 60 15 0 0000000000 1 1 238 60 15 30 0000010000 2 3 48 60 25 30 0000000000 3 0 2495 60 15 30 0000000000
975291 2 5744 1 1440 4 0 0 175 60 15 0 0000000000 1 1 138 60 15 30 1000000100 2 3 49 60 25 30 0000000000 3 0 1616 60 15 30 0000000000
14321 0 1440
17089 0 0
18275 0 0
18659 0 0
16752 0 0
19278 0 1440
12632 0 0
11147 0 0
15447 0 0
13461 0 0
10577 0 0
13219 0 0
18653 0 0
13338 0 0
12949 0 1440
13979 0 0
19554 0 0
15619 0 0
17947 0 0
10551 0 0
17543 0 1440
18296 0 0
12680 0 0
10524 0 0
12217 0 0
10385 0 1440
16188 0 0
17462 0 0
16263 0 0
17127 0 0
14252 0 0
19595 0 0
18171 0 1440
16480 0 0
10217 0 0
19544 0 0
16465 0 0
14624 0 0
17211 0 0
17838 0 0
13311 0 1440
11594 0 0
12215 0 0
14968 0 0
11583 0 1440
15232 0 1440
10740 0 0
18625 0 0
12864 0 0
12575 0 1440
11789 0 0
18228 0 0
17345 0 0
15886 0 0
12542 0 0
15663 0 0
10145 0 0
15348 0 0
18873 0 0
16062 0 1440
13360 0 0
12185 0 0
19329 0 0
17636 0 0
15711 0 1440
11005 0 0
12024 0 1440
18186 0 0
17364 0 0
11666 0 0
12811 0 1440
17026 0 0
10935 0 0
10744 0 0
19589 0 0
13992 0 1440
12969 0 1440
18345 0 0
19086 0 1440
11014 0 0
13319 0 0
19305 0 0
11580 0 0
10055 0 1440
16703 0 0
15014 0 0
17654 0 0
17174 0 0
11292 0 0
14914 0 1440
14271 0 0
12764 0 1440
14821 0 0
10618 0 1440
17158 0 0
19088 0 1440
19402 0 1440
12471 0 0
15858 0 0
33137 1 101111111101 23 0 900 1440 2340 2880 3780 4320 5220 5760 6660 7300 7900 10080 10980 11520 12420 12960 13860 14400 15300 15840 16740 20160
21986 1 111111101101 21 0 900 1440 2340 2880 3780 4320 5220 5760 6660 10080 10980 11520 12420 12960 13860 14400 15300 15840 16740 20160
33899 1 111100111111 23 0 900 1440 2340 2880 3780 4320 5220 5760 6660 7300 7900 10080 10980 11520 12420 12960 13860 14400 15300 15840 16740 20160
20986 1 111110101100 25 0 900 1440 2340 2880 3780 4320 5220 5760 6660 7300 7900 10080 10980 11520 12420 12960 13860 14400 15300 15840 16740 17380 17980 20160
45164 1 101111111111 21 0 900 1440 2340 2880 3780 4320 5220 5760 6660 10080 10980 11520 12420 12960 13860 14400 15300 15840 16740 20160
35089 1 111111111111 21 0 900 1440 2340 2880 3780 4320 5220 5760 6660 10080 10980 11520 12420 12960 13860 14400 15300 15840 16740 20160
51227 2 1 0
54371 2 1 0
52618 2 1 0
66195 2 1 0
58372 2 1 0
92385 3 1 0
88187 3 1 0
74673 3 1 0
93812 3 1 0
78011 3 1 0
76988 3 1 0
84144 3 1 0
