45 177 91 12 10
9200 21 0 900 1440 2340 2880 3780 5760 6660 7200 8100 10080 10980 11520 12420 12960 13860 14400 15300 17280 18180 20160
6342 21 1440 2340 2880 3780 4320 5220 5760 6660 7200 8100 10080 10980 11520 12420 12960 13860 14400 15300 15840 16740 20160
6718 19 0 900 1440 2340 4320 5220 5760 6660 10080 10980 11520 12420 14400 15300 15840 16740 17280 18180 20160
9829 19 0 900 1440 2340 5760 6660 7200 8100 10080 10980 11520 12420 14400 15300 15840 16740 17280 18180 20160
4343 13 1440 2340 4320 5220 7200 8100 10080 10980 11520 12420 14400 15300 20160
6608 17 0 900 1440 2340 4320 5220 5760 6660 7200 8100 12960 13860 14400 15300 17280 18180 20160
2713 17 1440 2340 2880 3780 4320 5220 5760 6660 10080 10980 11520 12420 12960 13860 17280 18180 20160
9482 17 0 900 1440 2340 4320 5220 5760 6660 10080 10980 11520 12420 12960 13860 15840 16740 20160
4027 23 0 900 1440 2340 2880 3780 5760 6660 7200 8100 10080 10980 11520 12420 12960 13860 14400 15300 15840 16740 17280 18180 20160
6630 17 1440 2340 4320 5220 7200 8100 10080 10980 11520 12420 12960 13860 15840 16740 17280 18180 20160
4241 21 0 900 1440 2340 5760 6660 7200 8100 10080 10980 11520 12420 12960 13860 14400 15300 15840 16740 17280 18180 20160
2497 23 0 900 1440 2340 2880 3780 4320 5220 5760 6660 7200 8100 10080 10980 11520 12420 12960 13860 14400 15300 17280 18180 20160
1989 17 1440 2340 2880 3780 4320 5220 5760 6660 7200 8100 12960 13860 14400 15300 17280 18180 20160
3528 19 0 900 1440 2340 4320 5220 7200 8100 10080 10980 12960 13860 14400 15300 15840 16740 17280 18180 20160
7533 15 0 900 2880 3780 5760 6660 10080 10980 11520 12420 15840 16740 17280 18180 20160
1968 21 0 900 1440 2340 4320 5220 5760 6660 7200 8100 10080 10980 11520 12420 14400 15300 15840 16740 17280 18180 20160
8656 15 0 900 2880 3780 5760 6660 12960 13860 14400 15300 15840 16740 17280 18180 20160
5668 17 0 900 1440 2340 4320 5220 5760 6660 7200 8100 14400 15300 15840 16740 17280 18180 20160
1625 19 1440 2340 2880 3780 4320 5220 5760 6660 7200 8100 10080 10980 11520 12420 12960 13860 14400 15300 20160
7351 15 1440 2340 2880 3780 5760 6660 11520 12420 12960 13860 14400 15300 17280 18180 20160
1461 19 0 900 1440 2340 2880 3780 4320 5220 5760 6660 12960 13860 14400 15300 15840 16740 17280 18180 20160
4917 21 0 900 1440 2340 2880 3780 4320 5220 5760 6660 10080 10980 11520 12420 12960 13860 15840 16740 17280 18180 20160
1006 19 0 900 4320 5220 5760 6660 10080 10980 11520 12420 12960 13860 14400 15300 15840 16740 17280 18180 20160
6947 21 1440 2340 2880 3780 4320 5220 5760 6660 7200 8100 11520 12420 12960 13860 14400 15300 15840 16740 17280 18180 20160
6933 17 0 900 1440 2340 4320 5220 5760 6660 10080 10980 11520 12420 14400 15300 15840 16740 20160
5304 19 1440 2340 2880 3780 4320 5220 5760 6660 10080 10980 11520 12420 12960 13860 14400 15300 15840 16740 20160
9947 23 0 900 1440 2340 2880 3780 4320 5220 5760 6660 7200 8100 11520 12420 12960 13860 14400 15300 15840 16740 17280 18180 20160
3849 23 0 900 1440 2340 2880 3780 4320 5220 7200 8100 10080 10980 11520 12420 12960 13860 14400 15300 15840 16740 17280 18180 20160
6319 9 0 900 7200 8100 11520 12420 14400 15300 20160
5688 17 0 900 1440 2340 2880 3780 10080 10980 11520 12420 12960 13860 15840 16740 17280 18180 20160
8209 21 0 900 1440 2340 2880 3780 5760 6660 7200 8100 10080 10980 11520 12420 12960 13860 14400 15300 15840 16740 20160
2153 21 0 900 1440 2340 4320 5220 5760 6660 7200 8100 10080 10980 12960 13860 14400 15300 15840 16740 17280 18180 20160
9057 21 1440 2340 2880 3780 4320 5220 5760 6660 10080 10980 11520 12420 12960 13860 14400 15300 15840 16740 17280 18180 20160
1526 15 0 900 7200 8100 11520 12420 12960 13860 14400 15300 15840 16740 17280 18180 20160
3706 15 0 900 2880 3780 5760 6660 7200 8100 11520 12420 14400 15300 17280 18180 20160
9838 21 0 900 1440 2340 2880 3780 4320 5220 5760 6660 7200 8100 12960 13860 14400 15300 15840 16740 17280 18180 20160
8182 17 0 900 4320 5220 7200 8100 10080 10980 11520 12420 12960 13860 14400 15300 17280 18180 20160
5677 23 0 900 1440 2340 2880 3780 4320 5220 5760 6660 7200 8100 10080 10980 11520 12420 12960 13860 15840 16740 17280 18180 20160
2640 17 0 900 1440 2340 2880 3780 4320 5220 7200 8100 10080 10980 14400 15300 17280 18180 20160
3716 17 0 900 1440 2340 2880 3780 4320 5220 10080 10980 11520 12420 15840 16740 17280 18180 20160
5747 21 0 900 1440 2340 2880 3780 5760 6660 7200 8100 10080 10980 12960 13860 14400 15300 15840 16740 17280 18180 20160
9011 17 5760 6660 7200 8100 10080 10980 11520 12420 12960 13860 14400 15300 15840 16740 17280 18180 20160
7129 13 1440 2340 4320 5220 5760 6660 11520 12420 12960 13860 15840 16740 20160
8181 15 0 900 1440 2340 2880 3780 5760 6660 7200 8100 10080 10980 17280 18180 20160
3362 17 0 900 2880 3780 4320 5220 11520 12420 12960 13860 14400 15300 15840 16740 17280 18180 20160
rackdeVideo 3
rackdeEndoscopia 1
microscópiOftalmo 1
microscopioNeuro 1
plataformaArgonio 1
mesasTracaoOrtopédica 2
mesasArticuladas 2
perneiraPosicaoGine 1
arcoCirurgico 2
ultrassom 1
292220 0 2640 2 1440 4 0 0 179 60 15 0 0000000000 1 1 215 60 15 30 0000010000 2 3 58 60 25 30 0000000000 3 0 2552 60 15 30 0000000000
380722 0 1006 1 0 4 0 0 177 60 15 0 0000000000 1 1 232 60 15 30 0000010000 2 3 50 60 25 30 0000000000 3 0 2536 60 15 30 0000000000
520675 3 8182 2 1440 5 0 0 185 60 15 0 0000000000 1 1 155 60 15 30 1100000000 2 2 93 30 20 30 0000000000 3 3 55 60 25 30 0000000000 4 0 1835 60 15 30 0000000000
711367 8 9057 1 1440 4 0 0 182 60 15 0 0000000000 1 1 221 60 15 30 0000000011 2 3 48 60 25 30 0000000000 3 0 2551 60 15 30 0000000000
955715 4 4343 2 0 4 0 0 183 60 15 0 0000000000 1 1 212 60 15 30 0000000010 2 3 45 60 25 30 0000000000 3 0 2691 60 15 30 0000000000
979339 1 3362 1 0 4 0 0 178 60 15 0 0000000000 1 1 219 60 15 30 1000000000 2 3 50 60 25 30 0000000000 3 0 2164 60 15 30 0000000000
891795 5 6933 1 0 4 0 0 177 60 15 0 0000000000 1 1 191 60 15 30 1000000000 2 3 48 60 25 30 0000000000 3 0 2325 60 15 30 0000000000
267460 4 6933 2 1440 4 0 0 176 60 15 0 0000000000 1 1 221 60 15 30 0000000010 2 3 52 60 25 30 0000000000 3 0 2693 60 15 30 0000000000
654381 4 2153 3 0 4 0 0 176 60 15 0 0000000000 1 1 224 60 15 30 0000000010 2 3 48 60 25 30 0000000000 3 0 2686 60 15 30 0000000000
640013 7 6319 3 0 4 0 0 176 60 15 0 0000000000 1 1 220 60 15 30 0001000000 2 3 55 60 25 30 0000000000 3 0 2701 60 15 30 0000000000
719814 0 3362 1 1440 4 0 0 181 60 15 0 0000000000 1 1 225 60 15 30 0000010000 2 3 47 60 25 30 0000000000 3 0 2490 60 15 30 0000000000
645099 6 5747 2 0 5 0 0 182 60 15 0 0000000000 1 1 175 60 15 30 0010100000 2 2 104 30 20 30 0000000000 3 3 41 60 25 30 0000000000 4 0 2062 60 15 30 0000000000
681487 1 1625 1 1440 4 0 0 180 60 15 0 0000000000 1 1 197 60 15 30 1000000000 2 3 53 60 25 30 0000000000 3 0 2057 60 15 30 0000000000
683262 0 7129 1 1440 4 0 0 185 60 15 0 0000000000 1 1 208 60 15 30 0000010000 2 3 45 60 25 30 0000000000 3 0 2470 60 15 30 0000000000
386392 2 8181 1 0 4 0 0 188 60 15 0 0000000000 1 1 130 60 15 30 1000000100 2 3 43 60 25 30 0000000000 3 0 1595 60 15 30 0000000000
166940 0 9829 3 0 4 0 0 179 60 15 0 0000000000 1 1 224 60 15 30 0000010000 2 3 50 60 25 30 0000000000 3 0 2482 60 15 30 0000000000
250675 4 6933 1 0 4 0 0 177 60 15 0 0000000000 1 1 221 60 15 30 0000000010 2 3 50 60 25 30 0000000000 3 0 2654 60 15 30 0000000000
294011 2 6342 3 0 4 0 0 180 60 15 0 0000000000 1 1 136 60 15 30 1000000100 2 3 45 60 25 30 0000000000 3 0 1592 60 15 30 0000000000
311219 0 2713 1 0 4 0 0 176 60 15 0 0000000000 1 1 225 60 15 30 0000010000 2 3 49 60 25 30 0000000000 3 0 2484 60 15 30 0000000000
287778 5 4027 1 1440 4 0 0 183 60 15 0 0000000000 1 1 165 60 15 30 1000000000 2 3 57 60 25 30 0000000000 3 0 2280 60 15 30 0000000000
898118 2 4027 3 1440 4 0 0 174 60 15 0 0000000000 1 1 135 60 15 30 1000000100 2 3 45 60 25 30 0000000000 3 0 1581 60 15 30 0000000000
478902 7 5747 2 0 4 0 0 183 60 15 0 0000000000 1 1 222 60 15 30 0001000000 2 3 53 60 25 30 0000000000 3 0 2605 60 15 30 0000000000
156045 6 1461 3 0 5 0 0 178 60 15 0 0000000000 1 1 171 60 15 30 0010100000 2 2 81 30 20 30 0000000000 3 3 54 60 25 30 0000000000 4 0 2084 60 15 30 0000000000
988279 6 4917 3 0 5 0 0 180 60 15 0 0000000000 1 1 175 60 15 30 0010100000 2 2 78 30 20 30 0000000000 3 3 49 60 25 30 0000000000 4 0 2115 60 15 30 0000000000
166369 4 2497 1 1440 4 0 0 179 60 15 0 0000000000 1 1 233 60 15 30 0000000010 2 3 49 60 25 30 0000000000 3 0 2667 60 15 30 0000000000
824881 4 1526 1 0 4 0 0 178 60 15 0 0000000000 1 1 205 60 15 30 0000000010 2 3 61 60 25 30 0000000000 3 0 2721 60 15 30 0000000000
957716 3 7129 3 0 5 0 0 181 60 15 0 0000000000 1 1 170 60 15 30 1100000000 2 2 75 30 20 30 0000000000 3 3 49 60 25 30 0000000000 4 0 1793 60 15 30 0000000000
999323 3 3362 1 0 5 0 0 183 60 15 0 0000000000 1 1 167 60 15 30 1100000000 2 2 91 30 20 30 0000000000 3 3 59 60 25 30 0000000000 4 0 1820 60 15 30 0000000000
468012 4 3362 3 0 4 0 0 174 60 15 0 0000000000 1 1 219 60 15 30 0000000010 2 3 57 60 25 30 0000000000 3 0 2672 60 15 30 0000000000
244372 0 9011 2 0 4 0 0 184 60 15 0 0000000000 1 1 223 60 15 30 0000010000 2 3 51 60 25 30 0000000000 3 0 2498 60 15 30 0000000000
387626 0 3528 3 1440 4 0 0 179 60 15 0 0000000000 1 1 227 60 15 30 0000010000 2 3 51 60 25 30 0000000000 3 0 2521 60 15 30 0000000000
612171 1 2153 3 0 4 0 0 186 60 15 0 0000000000 1 1 229 60 15 30 1000000000 2 3 54 60 25 30 0000000000 3 0 2027 60 15 30 0000000000
771822 0 7351 1 0 4 0 0 184 60 15 0 0000000000 1 1 225 60 15 30 0000010000 2 3 53 60 25 30 0000000000 3 0 2483 60 15 30 0000000000
174869 3 2153 1 1440 5 0 0 174 60 15 0 0000000000 1 1 168 60 15 30 1100000000 2 2 89 30 20 30 0000000000 3 3 49 60 25 30 0000000000 4 0 1867 60 15 30 0000000000
219608 2 3362 1 0 4 0 0 176 60 15 0 0000000000 1 1 112 60 15 30 1000000100 2 3 47 60 25 30 0000000000 3 0 1600 60 15 30 0000000000
913772 0 3716 1 0 4 0 0 179 60 15 0 0000000000 1 1 235 60 15 30 0000010000 2 3 50 60 25 30 0000000000 3 0 2486 60 15 30 0000000000
506471 4 5304 3 0 4 0 0 177 60 15 0 0000000000 1 1 213 60 15 30 0000000010 2 3 48 60 25 30 0000000000 3 0 2699 60 15 30 0000000000
736667 0 3528 2 0 4 0 0 176 60 15 0 0000000000 1 1 231 60 15 30 0000010000 2 3 44 60 25 30 0000000000 3 0 2464 60 15 30 0000000000
304416 0 1006 3 0 4 0 0 171 60 15 0 0000000000 1 1 230 60 15 30 0000010000 2 3 45 60 25 30 0000000000 3 0 2486 60 15 30 0000000000
302245 4 5688 1 0 4 0 0 176 60 15 0 0000000000 1 1 223 60 15 30 0000000010 2 3 42 60 25 30 0000000000 3 0 2676 60 15 30 0000000000
150108 1 6608 1 0 4 0 0 184 60 15 0 0000000000 1 1 221 60 15 30 1000000000 2 3 46 60 25 30 0000000000 3 0 2090 60 15 30 0000000000
924024 7 9947 3 0 4 0 0 180 60 15 0 0000000000 1 1 221 60 15 30 0001000000 2 3 49 60 25 30 0000000000 3 0 2632 60 15 30 0000000000
673660 1 2640 2 0 4 0 0 183 60 15 0 0000000000 1 1 215 60 15 30 1000000000 2 3 56 60 25 30 0000000000 3 0 2061 60 15 30 0000000000
776882 5 7129 3 0 4 0 0 179 60 15 0 0000000000 1 1 212 60 15 30 1000000000 2 3 53 60 25 30 0000000000 3 0 2343 60 15 30 0000000000
154696 9 9482 2 0 5 0 0 180 60 15 0 0000000000 1 1 290 60 15 30 0000001000 2 2 103 30 20 30 0000000000 3 3 48 60 25 30 0000000000 4 0 3338 60 15 30 0000000000
308787 3 2640 1 0 5 0 0 180 60 15 0 0000000000 1 1 161 60 15 30 1100000000 2 2 95 30 20 30 0000000000 3 3 49 60 25 30 0000000000 4 0 1857 60 15 30 0000000000
599709 2 9200 2 1440 4 0 0 172 60 15 0 0000000000 1 1 128 60 15 30 1000000100 2 3 61 60 25 30 0000000000 3 0 1643 60 15 30 0000000000
878296 9 9200 3 0 5 0 0 182 60 15 0 0000000000 1 1 279 60 15 30 0000001000 2 2 82 30 20 30 0000000000 3 3 46 60 25 30 0000000000 4 0 3340 60 15 30 0000000000
929499 4 5677 2 0 4 0 0 187 60 15 0 0000000000 1 1 238 60 15 30 0000000010 2 3 47 60 25 30 0000000000 3 0 2772 60 15 30 0000000000
721691 6 9482 2 0 5 0 0 178 60 15 0 0000000000 1 1 141 60 15 30 0010100000 2 2 103 30 20 30 0000000000 3 3 51 60 25 30 0000000000 4 0 2068 60 15 30 0000000000
903489 0 1006 1 0 4 0 0 184 60 15 0 0000000000 1 1 227 60 15 30 0000010000 2 3 45 60 25 30 0000000000 3 0 2458 60 15 30 0000000000
681258 3 9200 2 1440 5 0 0 182 60 15 0 0000000000 1 1 142 60 15 30 1100000000 2 2 93 30 20 30 0000000000 3 3 47 60 25 30 0000000000 4 0 1864 60 15 30 0000000000
475646 11 5688 3 0 5 0 0 179 60 15 0 0000000000 1 1 289 60 15 30 0100000010 2 2 100 30 20 30 0000000000 3 3 53 60 25 30 0000000000 4 0 3384 60 15 30 0000000000
496757 1 4027 1 1440 4 0 0 179 60 15 0 0000000000 1 1 218 60 15 30 1000000000 2 3 51 60 25 30 0000000000 3 0 2079 60 15 30 0000000000
181151 1 1968 3 1440 4 0 0 170 60 15 0 0000000000 1 1 205 60 15 30 1000000000 2 3 51 60 25 30 0000000000 3 0 2085 60 15 30 0000000000
857385 1 9200 2 1440 4 0 0 177 60 15 0 0000000000 1 1 215 60 15 30 1000000000 2 3 48 60 25 30 0000000000 3 0 2097 60 15 30 0000000000
839516 10 1625 3 0 4 0 0 186 60 15 0 0000000000 1 1 186 60 15 30 0000001000 2 3 54 60 25 30 0000000000 3 0 2249 60 15 30 0000000000
617979 4 3528 2 0 4 0 0 179 60 15 0 0000000000 1 1 218 60 15 30 0000000010 2 3 42 60 25 30 0000000000 3 0 2716 60 15 30 0000000000
669648 0 2640 2 0 4 0 0 179 60 15 0 0000000000 1 1 235 60 15 30 0000010000 2 3 57 60 25 30 0000000000 3 0 2499 60 15 30 0000000000
504814 9 3849 1 1440 5 0 0 185 60 15 0 0000000000 1 1 274 60 15 30 0000001000 2 2 77 30 20 30 0000000000 3 3 49 60 25 30 0000000000 4 0 3370 60 15 30 0000000000
209344 7 4241 1 0 4 0 0 182 60 15 0 0000000000 1 1 216 60 15 30 0001000000 2 3 54 60 25 30 0000000000 3 0 2656 60 15 30 0000000000
207476 1 2497 3 0 4 0 0 174 60 15 0 0000000000 1 1 216 60 15 30 1000000000 2 3 47 60 25 30 0000000000 3 0 2107 60 15 30 0000000000
656766 8 6608 3 1440 4 0 0 183 60 15 0 0000000000 1 1 212 60 15 30 0000000011 2 3 49 60 25 30 0000000000 3 0 2567 60 15 30 0000000000
280465 0 3528 2 0 4 0 0 182 60 15 0 0000000000 1 1 213 60 15 30 0000010000 2 3 60 60 25 30 0000000000 3 0 2456 60 15 30 0000000000
736657 0 6947 2 0 4 0 0 183 60 15 0 0000000000 1 1 201 60 15 30 0000010000 2 3 42 60 25 30 0000000000 3 0 2544 60 15 30 0000000000
505029 2 2153 2 0 4 0 0 181 60 15 0 0000000000 1 1 126 60 15 30 1000000100 2 3 49 60 25 30 0000000000 3 0 1581 60 15 30 0000000000
446502 3 9057 1 0 5 0 0 179 60 15 0 0000000000 1 1 157 60 15 30 1100000000 2 2 89 30 20 30 0000000000 3 3 48 60 25 30 0000000000 4 0 1836 60 15 30 0000000000
281814 2 3706 1 0 4 0 0 180 60 15 0 0000000000 1 1 115 60 15 30 1000000100 2 3 54 60 25 30 0000000000 3 0 1620 60 15 30 0000000000
532670 6 2640 2 0 5 0 0 180 60 15 0 0000000000 1 1 174 60 15 30 0010100000 2 2 83 30 20 30 0000000000 3 3 52 60 25 30 0000000000 4 0 2089 60 15 30 0000000000
242411 3 6319 3 0 5 0 0 176 60 15 0 0000000000 1 1 154 60 15 30 1100000000 2 2 110 30 20 30 0000000000 3 3 45 60 25 30 0000000000 4 0 1844 60 15 30 0000000000
277141 5 6319 3 0 4 0 0 180 60 15 0 0000000000 1 1 196 60 15 30 1000000000 2 3 48 60 25 30 0000000000 3 0 2287 60 15 30 0000000000
416654 2 1461 1 0 4 0 0 179 60 15 0 0000000000 1 1 130 60 15 30 1000000100 2 3 42 60 25 30 0000000000 3 0 1588 60 15 30 0000000000
711266 2 6342 2 0 4 0 0 175 60 15 0 0000000000 1 1 153 60 15 30 1000000100 2 3 49 60 25 30 0000000000 3 0 1611 60 15 30 0000000000
634757 3 5304 1 1440 5 0 0 180 60 15 0 0000000000 1 1 150 60 15 30 1100000000 2 2 106 30 20 30 0000000000 3 3 53 60 25 30 0000000000 4 0 1831 60 15 30 0000000000
109427 1 5304 2 0 4 0 0 178 60 15 0 0000000000 1 1 234 60 15 30 1000000000 2 3 54 60 25 30 0000000000 3 0 2063 60 15 30 0000000000
367909 1 5747 1 0 4 0 0 171 60 15 0 0000000000 1 1 222 60 15 30 1000000000 2 3 49 60 25 30 0000000000 3 0 2093 60 15 30 0000000000
647845 1 8209 2 0 4 0 0 181 60 15 0 0000000000 1 1 233 60 15 30 1000000000 2 3 54 60 25 30 0000000000 3 0 2086 60 15 30 0000000000
256801 0 1526 3 1440 4 0 0 172 60 15 0 0000000000 1 1 225 60 15 30 0000010000 2 3 49 60 25 30 0000000000 3 0 2490 60 15 30 0000000000
113774 4 9947 3 0 4 0 0 184 60 15 0 0000000000 1 1 227 60 15 30 0000000010 2 3 56 60 25 30 0000000000 3 0 2727 60 15 30 0000000000
805511 10 8209 1 0 4 0 0 182 60 15 0 0000000000 1 1 186 60 15 30 0000001000 2 3 50 60 25 30 0000000000 3 0 2129 60 15 30 0000000000
397984 5 6608 3 0 4 0 0 180 60 15 0 0000000000 1 1 195 60 15 30 1000000000 2 3 64 60 25 30 0000000000 3 0 2334 60 15 30 0000000000
331020 7 2713 1 1440 4 0 0 180 60 15 0 0000000000 1 1 210 60 15 30 0001000000 2 3 47 60 25 30 0000000000 3 0 2657 60 15 30 0000000000
868180 5 8181 2 0 4 0 0 177 60 15 0 0000000000 1 1 206 60 15 30 1000000000 2 3 43 60 25 30 0000000000 3 0 2338 60 15 30 0000000000
546822 3 6718 1 0 5 0 0 180 60 15 0 0000000000 1 1 147 60 15 30 1100000000 2 2 88 30 20 30 0000000000 3 3 53 60 25 30 0000000000 4 0 1867 60 15 30 0000000000
798927 10 5668 1 0 4 0 0 186 60 15 0 0000000000 1 1 195 60 15 30 0000001000 2 3 50 60 25 30 0000000000 3 0 2195 60 15 30 0000000000
877717 5 5747 2 0 4 0 0 175 60 15 0 0000000000 1 1 176 60 15 30 1000000000 2 3 56 60 25 30 0000000000 3 0 2369 60 15 30 0000000000
799157 3 2153 2 0 5 0 0 180 60 15 0 0000000000 1 1 160 60 15 30 1100000000 2 2 80 30 20 30 0000000000 3 3 60 60 25 30 0000000000 4 0 1847 60 15 30 0000000000
956014 6 4917 3 0 5 0 0 174 60 15 0 0000000000 1 1 177 60 15 30 0010100000 2 2 99 30 20 30 0000000000 3 3 53 60 25 30 0000000000 4 0 2010 60 15 30 0000000000
480431 1 2640 2 0 4 0 0 181 60 15 0 0000000000 1 1 219 60 15 30 1000000000 2 3 45 60 25 30 0000000000 3 0 2102 60 15 30 0000000000
405817 0 1989 1 0 4 0 0 178 60 15 0 0000000000 1 1 230 60 15 30 0000010000 2 3 51 60 25 30 0000000000 3 0 2478 60 15 30 0000000000
541920 7 9011 2 0 4 0 0 174 60 15 0 0000000000 1 1 208 60 15 30 0001000000 2 3 49 60 25 30 0000000000 3 0 2604 60 15 30 0000000000
343574 11 8181 3 0 5 0 0 172 60 15 0 0000000000 1 1 299 60 15 30 0100000010 2 2 86 30 20 30 0000000000 3 3 58 60 25 30 0000000000 4 0 3392 60 15 30 0000000000
214464 0 6933 2 0 4 0 0 182 60 15 0 0000000000 1 1 235 60 15 30 0000010000 2 3 43 60 25 30 0000000000 3 0 2544 60 15 30 0000000000
380446 0 9829 2 1440 4 0 0 180 60 15 0 0000000000 1 1 230 60 15 30 0000010000 2 3 55 60 25 30 0000000000 3 0 2552 60 15 30 0000000000
486409 6 2497 2 0 5 0 0 176 60 15 0 0000000000 1 1 173 60 15 30 0010100000 2 2 101 30 20 30 0000000000 3 3 54 60 25 30 0000000000 4 0 2064 60 15 30 0000000000
981303 2 2153 2 0 4 0 0 170 60 15 0 0000000000 1 1 116 60 15 30 1000000100 2 3 51 60 25 30 0000000000 3 0 1615 60 15 30 0000000000
166337 10 6608 3 0 4 0 0 173 60 15 0 0000000000 1 1 193 60 15 30 0000001000 2 3 55 60 25 30 0000000000 3 0 2209 60 15 30 0000000000
183111 1 4241 1 0 4 0 0 180 60 15 0 0000000000 1 1 223 60 15 30 1000000000 2 3 46 60 25 30 0000000000 3 0 2085 60 15 30 0000000000
406757 8 8182 2 0 4 0 0 184 60 15 0 0000000000 1 1 223 60 15 30 0000000011 2 3 49 60 25 30 0000000000 3 0 2580 60 15 30 0000000000
894778 2 7533 2 0 4 0 0 174 60 15 0 0000000000 1 1 135 60 15 30 1000000100 2 3 53 60 25 30 0000000000 3 0 1551 60 15 30 0000000000
160758 1 9011 2 0 4 0 0 179 60 15 0 0000000000 1 1 223 60 15 30 1000000000 2 3 49 60 25 30 0000000000 3 0 2121 60 15 30 0000000000
986067 3 3849 3 1440 5 0 0 178 60 15 0 0000000000 1 1 158 60 15 30 1100000000 2 2 99 30 20 30 0000000000 3 3 51 60 25 30 0000000000 4 0 1875 60 15 30 0000000000
757307 9 9482 1 0 5 0 0 181 60 15 0 0000000000 1 1 279 60 15 30 0000001000 2 2 84 30 20 30 0000000000 3 3 64 60 25 30 0000000000 4 0 3283 60 15 30 0000000000
868457 3 5668 1 0 5 0 0 185 60 15 0 0000000000 1 1 143 60 15 30 1100000000 2 2 76 30 20 30 0000000000 3 3 52 60 25 30 0000000000 4 0 1878 60 15 30 0000000000
690420 7 3528 2 0 4 0 0 182 60 15 0 0000000000 1 1 217 60 15 30 0001000000 2 3 57 60 25 30 0000000000 3 0 2627 60 15 30 0000000000
889127 4 3706 2 0 4 0 0 177 60 15 0 0000000000 1 1 239 60 15 30 0000000010 2 3 55 60 25 30 0000000000 3 0 2683 60 15 30 0000000000
954668 7 6947 2 0 4 0 0 179 60 15 0 0000000000 1 1 216 60 15 30 0001000000 2 3 49 60 25 30 0000000000 3 0 2642 60 15 30 0000000000
950741 4 9011 1 1440 4 0 0 179 60 15 0 0000000000 1 1 236 60 15 30 0000000010 2 3 49 60 25 30 0000000000 3 0 2766 60 15 30 0000000000
359524 1 9947 1 1440 4 0 0 188 60 15 0 0000000000 1 1 224 60 15 30 1000000000 2 3 44 60 25 30 0000000000 3 0 2050 60 15 30 0000000000
722461 0 9482 3 0 4 0 0 180 60 15 0 0000000000 1 1 215 60 15 30 0000010000 2 3 50 60 25 30 0000000000 3 0 2477 60 15 30 0000000000
173376 0 9838 1 0 4 0 0 178 60 15 0 0000000000 1 1 219 60 15 30 0000010000 2 3 42 60 25 30 0000000000 3 0 2472 60 15 30 0000000000
771417 3 3528 2 0 5 0 0 176 60 15 0 0000000000 1 1 160 60 15 30 1100000000 2 2 96 30 20 30 0000000000 3 3 50 60 25 30 0000000000 4 0 1850 60 15 30 0000000000
605464 0 3362 3 0 4 0 0 172 60 15 0 0000000000 1 1 218 60 15 30 0000010000 2 3 47 60 25 30 0000000000 3 0 2530 60 15 30 0000000000
642149 1 9200 3 0 4 0 0 183 60 15 0 0000000000 1 1 215 60 15 30 1000000000 2 3 52 60 25 30 0000000000 3 0 2053 60 15 30 0000000000
346390 0 4027 3 0 4 0 0 183 60 15 0 0000000000 1 1 212 60 15 30 0000010000 2 3 40 60 25 30 0000000000 3 0 2489 60 15 30 0000000000
617439 2 5688 1 0 4 0 0 175 60 15 0 0000000000 1 1 119 60 15 30 1000000100 2 3 45 60 25 30 0000000000 3 0 1599 60 15 30 0000000000
933421 2 1006 1 1440 4 0 0 177 60 15 0 0000000000 1 1 141 60 15 30 1000000100 2 3 49 60 25 30 0000000000 3 0 1572 60 15 30 0000000000
755019 10 4343 2 0 4 0 0 181 60 15 0 0000000000 1 1 203 60 15 30 0000001000 2 3 61 60 25 30 0000000000 3 0 2150 60 15 30 0000000000
982096 1 3716 1 0 4 0 0 178 60 15 0 0000000000 1 1 226 60 15 30 1000000000 2 3 41 60 25 30 0000000000 3 0 2093 60 15 30 0000000000
677419 5 8209 1 0 4 0 0 175 60 15 0 0000000000 1 1 199 60 15 30 1000000000 2 3 51 60 25 30 0000000000 3 0 2382 60 15 30 0000000000
748579 7 1461 1 0 4 0 0 180 60 15 0 0000000000 1 1 225 60 15 30 0001000000 2 3 45 60 25 30 0000000000 3 0 2618 60 15 30 0000000000
819535 0 3849 1 0 4 0 0 176 60 15 0 0000000000 1 1 227 60 15 30 0000010000 2 3 41 60 25 30 0000000000 3 0 2536 60 15 30 0000000000
132186 3 3362 3 0 5 0 0 176 60 15 0 0000000000 1 1 179 60 15 30 1100000000 2 2 95 30 20 30 0000000000 3 3 44 60 25 30 0000000000 4 0 1761 60 15 30 0000000000
363033 7 3528 2 0 4 0 0 178 60 15 0 0000000000 1 1 215 60 15 30 0001000000 2 3 54 60 25 30 0000000000 3 0 2645 60 15 30 0000000000
512776 1 5304 3 0 4 0 0 179 60 15 0 0000000000 1 1 233 60 15 30 1000000000 2 3 45 60 25 30 0000000000 3 0 2138 60 15 30 0000000000
326562 3 1526 3 0 5 0 0 174 60 15 0 0000000000 1 1 165 60 15 30 1100000000 2 2 82 30 20 30 0000000000 3 3 45 60 25 30 0000000000 4 0 1830 60 15 30 0000000000
329902 0 3716 3 0 4 0 0 180 60 15 0 0000000000 1 1 230 60 15 30 0000010000 2 3 50 60 25 30 0000000000 3 0 2491 60 15 30 0000000000
846895 8 6342 2 1440 4 0 0 177 60 15 0 0000000000 1 1 226 60 15 30 0000000011 2 3 47 60 25 30 0000000000 3 0 2588 60 15 30 0000000000
670797 2 5688 2 0 4 0 0 186 60 15 0 0000000000 1 1 140 60 15 30 1000000100 2 3 47 60 25 30 0000000000 3 0 1673 60 15 30 0000000000
307503 5 6608 2 1440 4 0 0 177 60 15 0 0000000000 1 1 209 60 15 30 1000000000 2 3 41 60 25 30 0000000000 3 0 2246 60 15 30 0000000000
935341 6 3706 3 0 5 0 0 174 60 15 0 0000000000 1 1 172 60 15 30 0010100000 2 2 86 30 20 30 0000000000 3 3 46 60 25 30 0000000000 4 0 2095 60 15 30 0000000000
960106 1 1625 2 0 4 0 0 180 60 15 0 0000000000 1 1 202 60 15 30 1000000000 2 3 53 60 25 30 0000000000 3 0 2032 60 15 30 0000000000
638586 0 1625 2 1440 4 0 0 177 60 15 0 0000000000 1 1 221 60 15 30 0000010000 2 3 47 60 25 30 0000000000 3 0 2466 60 15 30 0000000000
881430 2 6933 2 0 4 0 0 179 60 15 0 0000000000 1 1 134 60 15 30 1000000100 2 3 56 60 25 30 0000000000 3 0 1603 60 15 30 0000000000
341797 0 4917 1 0 4 0 0 181 60 15 0 0000000000 1 1 248 60 15 30 0000010000 2 3 49 60 25 30 0000000000 3 0 2415 60 15 30 0000000000
937961 7 5668 3 0 4 0 0 181 60 15 0 0000000000 1 1 212 60 15 30 0001000000 2 3 54 60 25 30 0000000000 3 0 2635 60 15 30 0000000000
666905 1 6933 3 0 4 0 0 181 60 15 0 0000000000 1 1 223 60 15 30 1000000000 2 3 45 60 25 30 0000000000 3 0 2048 60 15 30 0000000000
619368 1 5688 1 0 4 0 0 178 60 15 0 0000000000 1 1 199 60 15 30 1000000000 2 3 46 60 25 30 0000000000 3 0 2070 60 15 30 0000000000
505075 2 5688 2 1440 4 0 0 187 60 15 0 0000000000 1 1 128 60 15 30 1000000100 2 3 59 60 25 30 0000000000 3 0 1599 60 15 30 0000000000
216004 0 6319 1 0 4 0 0 179 60 15 0 0000000000 1 1 212 60 15 30 0000010000 2 3 47 60 25 30 0000000000 3 0 2493 60 15 30 0000000000
427959 1 8182 1 0 4 0 0 180 60 15 0 0000000000 1 1 229 60 15 30 1000000000 2 3 54 60 25 30 0000000000 3 0 2056 60 15 30 0000000000
213278 0 5747 3 0 4 0 0 178 60 15 0 0000000000 1 1 227 60 15 30 0000010000 2 3 47 60 25 30 0000000000 3 0 2514 60 15 30 0000000000
336975 0 6319 3 0 4 0 0 178 60 15 0 0000000000 1 1 222 60 15 30 0000010000 2 3 56 60 25 30 0000000000 3 0 2556 60 15 30 0000000000
962150 7 5677 1 0 4 0 0 180 60 15 0 0000000000 1 1 223 60 15 30 0001000000 2 3 49 60 25 30 0000000000 3 0 2644 60 15 30 0000000000
379032 4 2713 1 0 4 0 0 171 60 15 0 0000000000 1 1 231 60 15 30 0000000010 2 3 61 60 25 30 0000000000 3 0 2732 60 15 30 0000000000
120379 0 9011 2 0 4 0 0 183 60 15 0 0000000000 1 1 229 60 15 30 0000010000 2 3 45 60 25 30 0000000000 3 0 2509 60 15 30 0000000000
867170 1 6608 1 0 4 0 0 183 60 15 0 0000000000 1 1 213 60 15 30 1000000000 2 3 48 60 25 30 0000000000 3 0 2103 60 15 30 0000000000
645188 5 3362 3 0 4 0 0 176 60 15 0 0000000000 1 1 195 60 15 30 1000000000 2 3 51 60 25 30 0000000000 3 0 2282 60 15 30 0000000000
802734 5 4917 1 1440 4 0 0 182 60 15 0 0000000000 1 1 182 60 15 30 1000000000 2 3 49 60 25 30 0000000000 3 0 2393 60 15 30 0000000000
983727 6 5668 1 0 5 0 0 174 60 15 0 0000000000 1 1 162 60 15 30 0010100000 2 2 97 30 20 30 0000000000 3 3 54 60 25 30 0000000000 4 0 2029 60 15 30 0000000000
320180 0 6319 1 0 4 0 0 181 60 15 0 0000000000 1 1 231 60 15 30 0000010000 2 3 44 60 25 30 0000000000 3 0 2498 60 15 30 0000000000
489696 2 5677 1 0 4 0 0 179 60 15 0 0000000000 1 1 142 60 15 30 1000000100 2 3 44 60 25 30 0000000000 3 0 1600 60 15 30 0000000000
676523 6 2713 1 0 5 0 0 182 60 15 0 0000000000 1 1 176 60 15 30 0010100000 2 2 77 30 20 30 0000000000 3 3 52 60 25 30 0000000000 4 0 2037 60 15 30 0000000000
848486 7 1968 3 0 4 0 0 184 60 15 0 0000000000 1 1 209 60 15 30 0001000000 2 3 53 60 25 30 0000000000 3 0 2574 60 15 30 0000000000
166411 6 4241 3 0 5 0 0 172 60 15 0 0000000000 1 1 179 60 15 30 0010100000 2 2 107 30 20 30 0000000000 3 3 60 60 25 30 0000000000 4 0 2059 60 15 30 0000000000
367660 4 8656 1 1440 4 0 0 186 60 15 0 0000000000 1 1 220 60 15 30 0000000010 2 3 54 60 25 30 0000000000 3 0 2661 60 15 30 0000000000
545986 3 6319 3 0 5 0 0 175 60 15 0 0000000000 1 1 150 60 15 30 1100000000 2 2 97 30 20 30 0000000000 3 3 43 60 25 30 0000000000 4 0 1852 60 15 30 0000000000
125832 4 6319 1 0 4 0 0 178 60 15 0 0000000000 1 1 234 60 15 30 0000000010 2 3 46 60 25 30 0000000000 3 0 2755 60 15 30 0000000000
957940 8 4343 3 0 4 0 0 179 60 15 0 0000000000 1 1 222 60 15 30 0000000011 2 3 39 60 25 30 0000000000 3 0 2629 60 15 30 0000000000
879333 0 6718 1 1440 4 0 0 176 60 15 0 0000000000 1 1 236 60 15 30 0000010000 2 3 45 60 25 30 0000000000 3 0 2482 60 15 30 0000000000
866229 8 9011 3 0 4 0 0 183 60 15 0 0000000000 1 1 220 60 15 30 0000000011 2 3 44 60 25 30 0000000000 3 0 2599 60 15 30 0000000000
149035 2 6718 3 0 4 0 0 174 60 15 0 0000000000 1 1 118 60 15 30 1000000100 2 3 59 60 25 30 0000000000 3 0 1601 60 15 30 0000000000
875427 0 6342 1 0 4 0 0 173 60 15 0 0000000000 1 1 229 60 15 30 0000010000 2 3 51 60 25 30 0000000000 3 0 2502 60 15 30 0000000000
755832 8 2497 2 1440 4 0 0 178 60 15 0 0000000000 1 1 223 60 15 30 0000000011 2 3 56 60 25 30 0000000000 3 0 2638 60 15 30 0000000000
968394 5 5747 3 1440 4 0 0 176 60 15 0 0000000000 1 1 187 60 15 30 1000000000 2 3 43 60 25 30 0000000000 3 0 2327 60 15 30 0000000000
767560 0 9829 1 0 4 0 0 178 60 15 0 0000000000 1 1 226 60 15 30 0000010000 2 3 42 60 25 30 0000000000 3 0 2494 60 15 30 0000000000
647800 2 7351 3 0 4 0 0 180 60 15 0 0000000000 1 1 127 60 15 30 1000000100 2 3 48 60 25 30 0000000000 3 0 1615 60 15 30 0000000000
759681 3 6947 3 0 5 0 0 176 60 15 0 0000000000 1 1 156 60 15 30 1100000000 2 2 91 30 20 30 0000000000 3 3 49 60 25 30 0000000000 4 0 1804 60 15 30 0000000000
711412 0 9482 2 0 4 0 0 181 60 15 0 0000000000 1 1 217 60 15 30 0000010000 2 3 49 60 25 30 0000000000 3 0 2530 60 15 30 0000000000
516727 6 3849 3 0 5 0 0 176 60 15 0 0000000000 1 1 188 60 15 30 0010100000 2 2 89 30 20 30 0000000000 3 3 49 60 25 30 0000000000 4 0 2069 60 15 30 0000000000
955614 9 3362 3 1440 5 0 0 178 60 15 0 0000000000 1 1 285 60 15 30 0000001000 2 2 93 30 20 30 0000000000 3 3 47 60 25 30 0000000000 4 0 3385 60 15 30 0000000000
637310 4 6718 3 0 4 0 0 179 60 15 0 0000000000 1 1 223 60 15 30 0000000010 2 3 48 60 25 30 0000000000 3 0 2728 60 15 30 0000000000
711800 7 3362 3 0 4 0 0 177 60 15 0 0000000000 1 1 215 60 15 30 0001000000 2 3 58 60 25 30 0000000000 3 0 2629 60 15 30 0000000000
288496 2 9057 3 0 4 0 0 182 60 15 0 0000000000 1 1 129 60 15 30 1000000100 2 3 49 60 25 30 0000000000 3 0 1541 60 15 30 0000000000
981078 3 2640 3 1440 5 0 0 180 60 15 0 0000000000 1 1 168 60 15 30 1100000000 2 2 91 30 20 30 0000000000 3 3 59 60 25 30 0000000000 4 0 1818 60 15 30 0000000000
605425 0 7351 3 1440 4 0 0 180 60 15 0 0000000000 1 1 243 60 15 30 0000010000 2 3 52 60 25 30 0000000000 3 0 2454 60 15 30 0000000000
526685 7 4027 2 0 4 0 0 177 60 15 0 0000000000 1 1 220 60 15 30 0001000000 2 3 38 60 25 30 0000000000 3 0 2646 60 15 30 0000000000
16119 0 0
10841 0 1440
13342 0 0
15139 0 0
19868 0 0
15543 0 0
10831 0 0
17193 0 0
12892 0 0
11420 0 0
13395 0 0
16316 0 1440
13224 0 0
16835 0 0
13965 0 0
11154 0 0
16377 0 1440
12470 0 0
19340 0 0
11096 0 1440
14415 0 0
10094 0 0
18921 0 0
15545 0 1440
12407 0 0
17697 0 0
17200 0 0
10104 0 0
19457 0 0
11644 0 0
16579 0 0
17462 0 1440
16131 0 0
19115 0 0
18127 0 1440
14554 0 1440
17190 0 0
11861 0 0
16204 0 0
12157 0 0
13647 0 0
12867 0 0
14688 0 0
19662 0 0
19043 0 0
15699 0 0
17570 0 1440
12266 0 0
13934 0 0
17466 0 0
11847 0 0
16604 0 0
16313 0 0
15570 0 0
19465 0 0
12619 0 1440
16355 0 0
12901 0 0
13865 0 0
18448 0 0
11486 0 0
19781 0 0
14562 0 0
11621 0 0
18234 0 0
17343 0 0
15548 0 0
12475 0 0
16451 0 1440
11837 0 1440
14943 0 1440
17049 0 0
15988 0 1440
24832 1 110110101110 23 0 900 1440 2340 2880 3780 4320 5220 5760 6660 10080 10980 11520 12420 12960 13860 14400 15300 15840 16740 17380 17980 20160
38299 1 111110101100 23 0 900 1440 2340 2880 3780 4320 5220 5760 6660 10080 10980 11520 12420 12960 13860 14400 15300 15840 16740 17380 17980 20160
29968 1 101101010110 21 0 900 1440 2340 2880 3780 4320 5220 5760 6660 10080 10980 11520 12420 12960 13860 14400 15300 15840 16740 20160
40136 1 110111101111 21 0 900 1440 2340 2880 3780 4320 5220 5760 6660 10080 10980 11520 12420 12960 13860 14400 15300 15840 16740 20160
23064 1 111011110011 23 0 900 1440 2340 2880 3780 4320 5220 5760 6660 7300 7900 10080 10980 11520 12420 12960 13860 14400 15300 15840 16740 20160
44345 1 111111100101 21 0 900 1440 2340 2880 3780 4320 5220 5760 6660 10080 10980 11520 12420 12960 13860 14400 15300 15840 16740 20160
65512 2 1 0
61424 2 1 0
55623 2 1 0
58706 2 1 0
79847 3 1 0
76505 3 1 0
75730 3 1 0
87336 3 1 0
92839 3 1 0
76396 3 1 0
76721 3 1 0
82872 3 1 0
