40 188 124 12 10
6822 15 1440 2340 2880 3780 4320 5220 5760 6660 10080 10980 12960 13860 14400 15300 20160
5800 19 0 900 2880 3780 4320 5220 5760 6660 7200 8100 11520 12420 14400 15300 15840 16740 17280 18180 20160
9329 17 0 900 2880 3780 4320 5220 7200 8100 11520 12420 12960 13860 14400 15300 15840 16740 20160
1765 23 0 900 1440 2340 4320 5220 5760 6660 7200 8100 10080 10980 11520 12420 12960 13860 14400 15300 15840 16740 17280 18180 20160
5575 13 2880 3780 4320 5220 11520 12420 14400 15300 15840 16740 17280 18180 20160
1861 17 1440 2340 2880 3780 5760 6660 7200 8100 10080 10980 11520 12420 12960 13860 14400 15300 20160
7227 15 0 900 2880 3780 4320 5220 5760 6660 11520 12420 12960 13860 14400 15300 20160
8907 19 0 900 2880 3780 4320 5220 5760 6660 10080 10980 11520 12420 14400 15300 15840 16740 17280 18180 20160
7801 19 1440 2340 4320 5220 5760 6660 10080 10980 11520 12420 12960 13860 14400 15300 15840 16740 17280 18180 20160
6637 19 0 900 1440 2340 4320 5220 5760 6660 7200 8100 10080 10980 11520 12420 12960 13860 17280 18180 20160
1569 21 0 900 2880 3780 4320 5220 5760 6660 7200 8100 11520 12420 12960 13860 14400 15300 15840 16740 17280 18180 20160
9248 15 1440 2340 2880 3780 5760 6660 7200 8100 12960 13860 14400 15300 17280 18180 20160
3508 15 0 900 1440 2340 7200 8100 10080 10980 11520 12420 12960 13860 15840 16740 20160
3269 21 0 900 1440 2340 2880 3780 5760 6660 7200 8100 10080 10980 11520 12420 12960 13860 14400 15300 17280 18180 20160
7908 21 0 900 1440 2340 2880 3780 5760 6660 7200 8100 10080 10980 11520 12420 12960 13860 14400 15300 15840 16740 20160
1358 17 0 900 1440 2340 4320 5220 5760 6660 11520 12420 12960 13860 15840 16740 17280 18180 20160
1351 19 0 900 1440 2340 2880 3780 5760 6660 7200 8100 10080 10980 11520 12420 14400 15300 15840 16740 20160
9479 15 0 900 1440 2340 2880 3780 7200 8100 11520 12420 14400 15300 17280 18180 20160
2736 21 0 900 1440 2340 2880 3780 4320 5220 5760 6660 7200 8100 10080 10980 11520 12420 12960 13860 15840 16740 20160
6815 13 1440 2340 4320 5220 5760 6660 10080 10980 12960 13860 15840 16740 20160
1334 19 2880 3780 4320 5220 5760 6660 10080 10980 11520 12420 12960 13860 14400 15300 15840 16740 17280 18180 20160
9718 19 1440 2340 2880 3780 4320 5220 5760 6660 7200 8100 10080 10980 12960 13860 14400 15300 15840 16740 20160
2673 19 0 900 1440 2340 2880 3780 4320 5220 7200 8100 10080 10980 11520 12420 14400 15300 15840 16740 20160
2566 21 0 900 1440 2340 2880 3780 4320 5220 5760 6660 10080 10980 12960 13860 14400 15300 15840 16740 17280 18180 20160
6547 23 0 900 1440 2340 2880 3780 4320 5220 7200 8100 10080 10980 11520 12420 12960 13860 14400 15300 15840 16740 17280 18180 20160
4819 11 0 900 4320 5220 5760 6660 12960 13860 15840 16740 20160
3031 15 0 900 2880 3780 4320 5220 5760 6660 10080 10980 11520 12420 15840 16740 20160
5228 9 0 900 1440 2340 11520 12420 14400 15300 20160
8556 19 0 900 1440 2340 4320 5220 5760 6660 10080 10980 11520 12420 12960 13860 14400 15300 17280 18180 20160
6155 13 2880 3780 5760 6660 7200 8100 10080 10980 11520 12420 12960 13860 20160
8559 15 0 900 2880 3780 4320 5220 5760 6660 11520 12420 14400 15300 15840 16740 20160
3301 19 0 900 2880 3780 4320 5220 5760 6660 7200 8100 11520 12420 12960 13860 15840 16740 17280 18180 20160
5950 21 0 900 1440 2340 2880 3780 4320 5220 5760 6660 7200 8100 10080 10980 11520 12420 15840 16740 17280 18180 20160
7954 17 0 900 1440 2340 2880 3780 5760 6660 7200 8100 11520 12420 14400 15300 15840 16740 20160
2009 13 0 900 2880 3780 4320 5220 5760 6660 11520 12420 14400 15300 20160
9569 15 0 900 4320 5220 5760 6660 7200 8100 10080 10980 15840 16740 17280 18180 20160
4405 13 0 900 1440 2340 4320 5220 11520 12420 14400 15300 15840 16740 20160
4339 23 0 900 2880 3780 4320 5220 5760 6660 7200 8100 10080 10980 11520 12420 12960 13860 14400 15300 15840 16740 17280 18180 20160
6443 23 0 900 1440 2340 2880 3780 4320 5220 5760 6660 7200 8100 11520 12420 12960 13860 14400 15300 15840 16740 17280 18180 20160
6762 11 0 900 1440 2340 2880 3780 12960 13860 14400 15300 20160
rackdeVideo 3
rackdeEndoscopia 1
microscópiOftalmo 1
microscopioNeuro 1
plataformaArgonio 1
mesasTracaoOrtopédica 2
mesasArticuladas 2
perneiraPosicaoGine 1
arcoCirurgico 2
ultrassom 1
326079 0 5800 2 0 4 0 0 187 60 15 0 0000000000 1 1 233 60 15 30 0000010000 2 3 44 60 25 30 0000000000 3 0 2513 60 15 30 0000000000
482258 0 9329 2 0 4 0 0 178 60 15 0 0000000000 1 1 236 60 15 30 0000010000 2 3 51 60 25 30 0000000000 3 0 2452 60 15 30 0000000000
131385 5 6155 1 0 4 0 0 171 60 15 0 0000000000 1 1 187 60 15 30 1000000000 2 3 45 60 25 30 0000000000 3 0 2311 60 15 30 0000000000
822955 2 1861 1 1440 4 0 0 178 60 15 0 0000000000 1 1 126 60 15 30 1000000100 2 3 47 60 25 30 0000000000 3 0 1599 60 15 30 0000000000
963510 3 3301 2 0 5 0 0 180 60 15 0 0000000000 1 1 159 60 15 30 1100000000 2 2 98 30 20 30 0000000000 3 3 56 60 25 30 0000000000 4 0 1867 60 15 30 0000000000
650873 9 8556 1 0 5 0 0 181 60 15 0 0000000000 1 1 266 60 15 30 0000001000 2 2 96 30 20 30 0000000000 3 3 42 60 25 30 0000000000 4 0 3389 60 15 30 0000000000
811612 3 6815 1 0 5 0 0 179 60 15 0 0000000000 1 1 148 60 15 30 1100000000 2 2 102 30 20 30 0000000000 3 3 55 60 25 30 0000000000 4 0 1823 60 15 30 0000000000
965206 7 3301 1 0 4 0 0 183 60 15 0 0000000000 1 1 214 60 15 30 0001000000 2 3 41 60 25 30 0000000000 3 0 2628 60 15 30 0000000000
249946 5 8556 1 0 4 0 0 183 60 15 0 0000000000 1 1 195 60 15 30 1000000000 2 3 50 60 25 30 0000000000 3 0 2317 60 15 30 0000000000
644147 1 9248 1 0 4 0 0 186 60 15 0 0000000000 1 1 217 60 15 30 1000000000 2 3 51 60 25 30 0000000000 3 0 2101 60 15 30 0000000000
389202 9 5575 3 0 5 0 0 178 60 15 0 0000000000 1 1 274 60 15 30 0000001000 2 2 86 30 20 30 0000000000 3 3 55 60 25 30 0000000000 4 0 3347 60 15 30 0000000000
223578 4 6762 1 0 4 0 0 179 60 15 0 0000000000 1 1 222 60 15 30 0000000010 2 3 41 60 25 30 0000000000 3 0 2667 60 15 30 0000000000
506171 1 3031 3 0 4 0 0 185 60 15 0 0000000000 1 1 209 60 15 30 1000000000 2 3 43 60 25 30 0000000000 3 0 2092 60 15 30 0000000000
156951 1 3301 3 0 4 0 0 185 60 15 0 0000000000 1 1 226 60 15 30 1000000000 2 3 54 60 25 30 0000000000 3 0 2086 60 15 30 0000000000
814549 1 4339 2 1440 4 0 0 183 60 15 0 0000000000 1 1 234 60 15 30 1000000000 2 3 50 60 25 30 0000000000 3 0 2083 60 15 30 0000000000
312904 1 9569 2 0 4 0 0 182 60 15 0 0000000000 1 1 212 60 15 30 1000000000 2 3 42 60 25 30 0000000000 3 0 2148 60 15 30 0000000000
942068 3 3269 3 0 5 0 0 180 60 15 0 0000000000 1 1 152 60 15 30 1100000000 2 2 83 30 20 30 0000000000 3 3 43 60 25 30 0000000000 4 0 1875 60 15 30 0000000000
705801 0 7801 1 1440 4 0 0 184 60 15 0 0000000000 1 1 225 60 15 30 0000010000 2 3 55 60 25 30 0000000000 3 0 2507 60 15 30 0000000000
729098 5 8556 3 0 4 0 0 179 60 15 0 0000000000 1 1 201 60 15 30 1000000000 2 3 52 60 25 30 0000000000 3 0 2349 60 15 30 0000000000
278426 3 2673 1 0 5 0 0 179 60 15 0 0000000000 1 1 165 60 15 30 1100000000 2 2 102 30 20 30 0000000000 3 3 52 60 25 30 0000000000 4 0 1868 60 15 30 0000000000
480134 11 8907 3 0 5 0 0 179 60 15 0 0000000000 1 1 261 60 15 30 0100000010 2 2 90 30 20 30 0000000000 3 3 46 60 25 30 0000000000 4 0 3403 60 15 30 0000000000
553504 6 3508 1 1440 5 0 0 182 60 15 0 0000000000 1 1 180 60 15 30 0010100000 2 2 94 30 20 30 0000000000 3 3 48 60 25 30 0000000000 4 0 2096 60 15 30 0000000000
626773 2 7908 2 1440 4 0 0 178 60 15 0 0000000000 1 1 137 60 15 30 1000000100 2 3 51 60 25 30 0000000000 3 0 1595 60 15 30 0000000000
844549 8 8556 3 1440 4 0 0 181 60 15 0 0000000000 1 1 218 60 15 30 0000000011 2 3 52 60 25 30 0000000000 3 0 2576 60 15 30 0000000000
595977 9 4339 1 0 5 0 0 179 60 15 0 0000000000 1 1 279 60 15 30 0000001000 2 2 95 30 20 30 0000000000 3 3 46 60 25 30 0000000000 4 0 3355 60 15 30 0000000000
896441 6 1358 3 0 5 0 0 174 60 15 0 0000000000 1 1 165 60 15 30 0010100000 2 2 103 30 20 30 0000000000 3 3 55 60 25 30 0000000000 4 0 2131 60 15 30 0000000000
932700 1 7801 1 0 4 0 0 175 60 15 0 0000000000 1 1 208 60 15 30 1000000000 2 3 45 60 25 30 0000000000 3 0 2104 60 15 30 0000000000
702601 0 9718 3 0 4 0 0 176 60 15 0 0000000000 1 1 238 60 15 30 0000010000 2 3 61 60 25 30 0000000000 3 0 2520 60 15 30 0000000000
936235 5 5228 2 0 4 0 0 172 60 15 0 0000000000 1 1 181 60 15 30 1000000000 2 3 40 60 25 30 0000000000 3 0 2359 60 15 30 0000000000
223782 2 3031 2 0 4 0 0 185 60 15 0 0000000000 1 1 129 60 15 30 1000000100 2 3 50 60 25 30 0000000000 3 0 1597 60 15 30 0000000000
788154 5 1861 2 1440 4 0 0 179 60 15 0 0000000000 1 1 203 60 15 30 1000000000 2 3 47 60 25 30 0000000000 3 0 2372 60 15 30 0000000000
604527 6 6547 1 0 5 0 0 178 60 15 0 0000000000 1 1 155 60 15 30 0010100000 2 2 82 30 20 30 0000000000 3 3 47 60 25 30 0000000000 4 0 2117 60 15 30 0000000000
911827 2 4339 2 0 4 0 0 179 60 15 0 0000000000 1 1 123 60 15 30 1000000100 2 3 49 60 25 30 0000000000 3 0 1537 60 15 30 0000000000
709986 4 4405 3 0 4 0 0 181 60 15 0 0000000000 1 1 240 60 15 30 0000000010 2 3 54 60 25 30 0000000000 3 0 2734 60 15 30 0000000000
321307 2 6155 1 0 4 0 0 181 60 15 0 0000000000 1 1 144 60 15 30 1000000100 2 3 49 60 25 30 0000000000 3 0 1597 60 15 30 0000000000
289600 5 4339 2 0 4 0 0 176 60 15 0 0000000000 1 1 196 60 15 30 1000000000 2 3 38 60 25 30 0000000000 3 0 2353 60 15 30 0000000000
376491 0 6815 1 0 4 0 0 185 60 15 0 0000000000 1 1 244 60 15 30 0000010000 2 3 51 60 25 30 0000000000 3 0 2479 60 15 30 0000000000
228698 2 7908 2 0 4 0 0 182 60 15 0 0000000000 1 1 119 60 15 30 1000000100 2 3 57 60 25 30 0000000000 3 0 1584 60 15 30 0000000000
945187 9 1351 2 0 5 0 0 178 60 15 0 0000000000 1 1 294 60 15 30 0000001000 2 2 94 30 20 30 0000000000 3 3 50 60 25 30 0000000000 4 0 3310 60 15 30 0000000000
213889 2 1569 3 0 4 0 0 178 60 15 0 0000000000 1 1 130 60 15 30 1000000100 2 3 51 60 25 30 0000000000 3 0 1565 60 15 30 0000000000
539887 1 1351 1 1440 4 0 0 178 60 15 0 0000000000 1 1 234 60 15 30 1000000000 2 3 51 60 25 30 0000000000 3 0 2129 60 15 30 0000000000
436334 0 3031 1 1440 4 0 0 174 60 15 0 0000000000 1 1 248 60 15 30 0000010000 2 3 55 60 25 30 0000000000 3 0 2501 60 15 30 0000000000
397405 1 1861 1 0 4 0 0 181 60 15 0 0000000000 1 1 232 60 15 30 1000000000 2 3 52 60 25 30 0000000000 3 0 2072 60 15 30 0000000000
128289 7 1351 3 0 4 0 0 180 60 15 0 0000000000 1 1 216 60 15 30 0001000000 2 3 51 60 25 30 0000000000 3 0 2664 60 15 30 0000000000
516883 3 1765 3 1440 5 0 0 180 60 15 0 0000000000 1 1 170 60 15 30 1100000000 2 2 89 30 20 30 0000000000 3 3 42 60 25 30 0000000000 4 0 1827 60 15 30 0000000000
236330 1 1334 1 1440 4 0 0 178 60 15 0 0000000000 1 1 218 60 15 30 1000000000 2 3 41 60 25 30 0000000000 3 0 2108 60 15 30 0000000000
249614 3 7908 1 0 5 0 0 186 60 15 0 0000000000 1 1 162 60 15 30 1100000000 2 2 96 30 20 30 0000000000 3 3 64 60 25 30 0000000000 4 0 1783 60 15 30 0000000000
958117 6 8559 2 1440 5 0 0 181 60 15 0 0000000000 1 1 181 60 15 30 0010100000 2 2 91 30 20 30 0000000000 3 3 52 60 25 30 0000000000 4 0 2082 60 15 30 0000000000
868980 4 8556 3 0 4 0 0 176 60 15 0 0000000000 1 1 207 60 15 30 0000000010 2 3 41 60 25 30 0000000000 3 0 2697 60 15 30 0000000000
335575 4 6762 2 1440 4 0 0 181 60 15 0 0000000000 1 1 242 60 15 30 0000000010 2 3 46 60 25 30 0000000000 3 0 2713 60 15 30 0000000000
840530 2 6822 3 0 4 0 0 184 60 15 0 0000000000 1 1 136 60 15 30 1000000100 2 3 53 60 25 30 0000000000 3 0 1639 60 15 30 0000000000
539513 0 7954 2 1440 4 0 0 181 60 15 0 0000000000 1 1 211 60 15 30 0000010000 2 3 50 60 25 30 0000000000 3 0 2442 60 15 30 0000000000
349650 0 3031 2 0 4 0 0 178 60 15 0 0000000000 1 1 251 60 15 30 0000010000 2 3 52 60 25 30 0000000000 3 0 2513 60 15 30 0000000000
104362 2 9569 3 0 4 0 0 177 60 15 0 0000000000 1 1 115 60 15 30 1000000100 2 3 39 60 25 30 0000000000 3 0 1608 60 15 30 0000000000
234718 3 9718 1 0 5 0 0 182 60 15 0 0000000000 1 1 154 60 15 30 1100000000 2 2 100 30 20 30 0000000000 3 3 47 60 25 30 0000000000 4 0 1755 60 15 30 0000000000
801004 0 5800 3 0 4 0 0 181 60 15 0 0000000000 1 1 239 60 15 30 0000010000 2 3 47 60 25 30 0000000000 3 0 2528 60 15 30 0000000000
544787 3 4819 2 1440 5 0 0 180 60 15 0 0000000000 1 1 160 60 15 30 1100000000 2 2 91 30 20 30 0000000000 3 3 49 60 25 30 0000000000 4 0 1851 60 15 30 0000000000
339168 6 9569 3 0 5 0 0 177 60 15 0 0000000000 1 1 159 60 15 30 0010100000 2 2 97 30 20 30 0000000000 3 3 44 60 25 30 0000000000 4 0 2084 60 15 30 0000000000
347295 4 3301 3 0 4 0 0 180 60 15 0 0000000000 1 1 215 60 15 30 0000000010 2 3 51 60 25 30 0000000000 3 0 2723 60 15 30 0000000000
643915 6 1861 1 0 5 0 0 184 60 15 0 0000000000 1 1 169 60 15 30 0010100000 2 2 88 30 20 30 0000000000 3 3 61 60 25 30 0000000000 4 0 2015 60 15 30 0000000000
102765 0 1334 3 1440 4 0 0 175 60 15 0 0000000000 1 1 208 60 15 30 0000010000 2 3 44 60 25 30 0000000000 3 0 2465 60 15 30 0000000000
277867 3 1765 1 0 5 0 0 180 60 15 0 0000000000 1 1 148 60 15 30 1100000000 2 2 94 30 20 30 0000000000 3 3 49 60 25 30 0000000000 4 0 1803 60 15 30 0000000000
559470 3 1351 1 0 5 0 0 175 60 15 0 0000000000 1 1 174 60 15 30 1100000000 2 2 84 30 20 30 0000000000 3 3 53 60 25 30 0000000000 4 0 1792 60 15 30 0000000000
127242 5 4819 2 0 4 0 0 179 60 15 0 0000000000 1 1 196 60 15 30 1000000000 2 3 53 60 25 30 0000000000 3 0 2359 60 15 30 0000000000
550745 8 5575 2 1440 4 0 0 177 60 15 0 0000000000 1 1 208 60 15 30 0000000011 2 3 56 60 25 30 0000000000 3 0 2531 60 15 30 0000000000
706690 5 8559 2 0 4 0 0 178 60 15 0 0000000000 1 1 208 60 15 30 1000000000 2 3 52 60 25 30 0000000000 3 0 2360 60 15 30 0000000000
835674 1 9329 2 0 4 0 0 176 60 15 0 0000000000 1 1 220 60 15 30 1000000000 2 3 47 60 25 30 0000000000 3 0 2043 60 15 30 0000000000
491065 6 2673 2 0 5 0 0 179 60 15 0 0000000000 1 1 181 60 15 30 0010100000 2 2 95 30 20 30 0000000000 3 3 55 60 25 30 0000000000 4 0 2025 60 15 30 0000000000
116750 2 1334 2 0 4 0 0 181 60 15 0 0000000000 1 1 126 60 15 30 1000000100 2 3 60 60 25 30 0000000000 3 0 1592 60 15 30 0000000000
821254 6 8556 1 0 5 0 0 185 60 15 0 0000000000 1 1 176 60 15 30 0010100000 2 2 82 30 20 30 0000000000 3 3 55 60 25 30 0000000000 4 0 2017 60 15 30 0000000000
455901 0 6443 3 0 4 0 0 186 60 15 0 0000000000 1 1 225 60 15 30 0000010000 2 3 42 60 25 30 0000000000 3 0 2524 60 15 30 0000000000
592426 5 7908 1 0 4 0 0 180 60 15 0 0000000000 1 1 173 60 15 30 1000000000 2 3 56 60 25 30 0000000000 3 0 2287 60 15 30 0000000000
650715 2 1765 2 0 4 0 0 185 60 15 0 0000000000 1 1 115 60 15 30 1000000100 2 3 45 60 25 30 0000000000 3 0 1570 60 15 30 0000000000
358556 1 8559 3 0 4 0 0 181 60 15 0 0000000000 1 1 227 60 15 30 1000000000 2 3 45 60 25 30 0000000000 3 0 2112 60 15 30 0000000000
289562 5 1351 3 0 4 0 0 175 60 15 0 0000000000 1 1 213 60 15 30 1000000000 2 3 52 60 25 30 0000000000 3 0 2275 60 15 30 0000000000
488120 0 1569 1 0 4 0 0 181 60 15 0 0000000000 1 1 220 60 15 30 0000010000 2 3 55 60 25 30 0000000000 3 0 2472 60 15 30 0000000000
431746 7 7227 1 0 4 0 0 181 60 15 0 0000000000 1 1 216 60 15 30 0001000000 2 3 57 60 25 30 0000000000 3 0 2616 60 15 30 0000000000
649153 2 6547 3 0 4 0 0 174 60 15 0 0000000000 1 1 127 60 15 30 1000000100 2 3 50 60 25 30 0000000000 3 0 1593 60 15 30 0000000000
734237 0 6815 3 0 4 0 0 192 60 15 0 0000000000 1 1 226 60 15 30 0000010000 2 3 51 60 25 30 0000000000 3 0 2500 60 15 30 0000000000
728961 3 3508 3 0 5 0 0 178 60 15 0 0000000000 1 1 168 60 15 30 1100000000 2 2 88 30 20 30 0000000000 3 3 43 60 25 30 0000000000 4 0 1860 60 15 30 0000000000
168799 1 1351 3 0 4 0 0 177 60 15 0 0000000000 1 1 198 60 15 30 1000000000 2 3 45 60 25 30 0000000000 3 0 2084 60 15 30 0000000000
325558 0 6443 1 0 4 0 0 181 60 15 0 0000000000 1 1 220 60 15 30 0000010000 2 3 49 60 25 30 0000000000 3 0 2535 60 15 30 0000000000
828603 5 8556 3 0 4 0 0 182 60 15 0 0000000000 1 1 196 60 15 30 1000000000 2 3 49 60 25 30 0000000000 3 0 2362 60 15 30 0000000000
699974 6 6637 3 0 5 0 0 182 60 15 0 0000000000 1 1 166 60 15 30 0010100000 2 2 84 30 20 30 0000000000 3 3 46 60 25 30 0000000000 4 0 2040 60 15 30 0000000000
136258 5 3508 3 0 4 0 0 180 60 15 0 0000000000 1 1 186 60 15 30 1000000000 2 3 44 60 25 30 0000000000 3 0 2363 60 15 30 0000000000
852062 1 5575 3 0 4 0 0 180 60 15 0 0000000000 1 1 213 60 15 30 1000000000 2 3 35 60 25 30 0000000000 3 0 2050 60 15 30 0000000000
944706 1 1334 3 0 4 0 0 186 60 15 0 0000000000 1 1 193 60 15 30 1000000000 2 3 43 60 25 30 0000000000 3 0 2093 60 15 30 0000000000
971713 6 6822 3 0 5 0 0 181 60 15 0 0000000000 1 1 154 60 15 30 0010100000 2 2 83 30 20 30 0000000000 3 3 44 60 25 30 0000000000 4 0 2042 60 15 30 0000000000
497394 0 1358 1 0 4 0 0 176 60 15 0 0000000000 1 1 232 60 15 30 0000010000 2 3 59 60 25 30 0000000000 3 0 2540 60 15 30 0000000000
744534 1 9479 1 1440 4 0 0 186 60 15 0 0000000000 1 1 220 60 15 30 1000000000 2 3 48 60 25 30 0000000000 3 0 2101 60 15 30 0000000000
661478 3 9718 3 0 5 0 0 184 60 15 0 0000000000 1 1 161 60 15 30 1100000000 2 2 101 30 20 30 0000000000 3 3 47 60 25 30 0000000000 4 0 1892 60 15 30 0000000000
329892 2 6547 2 0 4 0 0 179 60 15 0 0000000000 1 1 137 60 15 30 1000000100 2 3 53 60 25 30 0000000000 3 0 1600 60 15 30 0000000000
141153 1 9718 2 0 4 0 0 179 60 15 0 0000000000 1 1 211 60 15 30 1000000000 2 3 43 60 25 30 0000000000 3 0 2081 60 15 30 0000000000
285719 4 9248 1 0 4 0 0 179 60 15 0 0000000000 1 1 228 60 15 30 0000000010 2 3 55 60 25 30 0000000000 3 0 2755 60 15 30 0000000000
373152 10 3301 3 1440 4 0 0 176 60 15 0 0000000000 1 1 187 60 15 30 0000001000 2 3 48 60 25 30 0000000000 3 0 2220 60 15 30 0000000000
700024 0 8559 2 0 4 0 0 182 60 15 0 0000000000 1 1 236 60 15 30 0000010000 2 3 48 60 25 30 0000000000 3 0 2484 60 15 30 0000000000
148533 4 6762 1 0 4 0 0 176 60 15 0 0000000000 1 1 230 60 15 30 0000000010 2 3 53 60 25 30 0000000000 3 0 2742 60 15 30 0000000000
523202 3 4819 2 0 5 0 0 180 60 15 0 0000000000 1 1 146 60 15 30 1100000000 2 2 89 30 20 30 0000000000 3 3 49 60 25 30 0000000000 4 0 1854 60 15 30 0000000000
229188 2 6155 2 1440 4 0 0 181 60 15 0 0000000000 1 1 135 60 15 30 1000000100 2 3 47 60 25 30 0000000000 3 0 1573 60 15 30 0000000000
581352 4 9248 2 0 4 0 0 177 60 15 0 0000000000 1 1 215 60 15 30 0000000010 2 3 47 60 25 30 0000000000 3 0 2692 60 15 30 0000000000
845287 1 9718 1 1440 4 0 0 180 60 15 0 0000000000 1 1 215 60 15 30 1000000000 2 3 49 60 25 30 0000000000 3 0 2107 60 15 30 0000000000
773532 1 6155 1 0 4 0 0 185 60 15 0 0000000000 1 1 231 60 15 30 1000000000 2 3 50 60 25 30 0000000000 3 0 2069 60 15 30 0000000000
151776 0 2566 3 1440 4 0 0 179 60 15 0 0000000000 1 1 227 60 15 30 0000010000 2 3 51 60 25 30 0000000000 3 0 2514 60 15 30 0000000000
526124 10 6547 1 0 4 0 0 177 60 15 0 0000000000 1 1 177 60 15 30 0000001000 2 3 47 60 25 30 0000000000 3 0 2136 60 15 30 0000000000
621264 2 8559 2 1440 4 0 0 173 60 15 0 0000000000 1 1 119 60 15 30 1000000100 2 3 44 60 25 30 0000000000 3 0 1598 60 15 30 0000000000
924433 3 2009 3 0 5 0 0 179 60 15 0 0000000000 1 1 163 60 15 30 1100000000 2 2 78 30 20 30 0000000000 3 3 56 60 25 30 0000000000 4 0 1850 60 15 30 0000000000
167985 3 1351 1 0 5 0 0 180 60 15 0 0000000000 1 1 158 60 15 30 1100000000 2 2 91 30 20 30 0000000000 3 3 52 60 25 30 0000000000 4 0 1907 60 15 30 0000000000
719501 3 6155 3 1440 5 0 0 181 60 15 0 0000000000 1 1 153 60 15 30 1100000000 2 2 86 30 20 30 0000000000 3 3 62 60 25 30 0000000000 4 0 1795 60 15 30 0000000000
315464 2 6822 1 0 4 0 0 181 60 15 0 0000000000 1 1 133 60 15 30 1000000100 2 3 51 60 25 30 0000000000 3 0 1581 60 15 30 0000000000
316995 0 4339 2 0 4 0 0 175 60 15 0 0000000000 1 1 235 60 15 30 0000010000 2 3 52 60 25 30 0000000000 3 0 2481 60 15 30 0000000000
211587 5 3031 3 0 4 0 0 180 60 15 0 0000000000 1 1 199 60 15 30 1000000000 2 3 54 60 25 30 0000000000 3 0 2361 60 15 30 0000000000
619229 8 4819 3 0 4 0 0 179 60 15 0 0000000000 1 1 230 60 15 30 0000000011 2 3 52 60 25 30 0000000000 3 0 2541 60 15 30 0000000000
988521 3 5228 1 0 5 0 0 182 60 15 0 0000000000 1 1 155 60 15 30 1100000000 2 2 91 30 20 30 0000000000 3 3 45 60 25 30 0000000000 4 0 1887 60 15 30 0000000000
197444 1 6155 1 0 4 0 0 175 60 15 0 0000000000 1 1 220 60 15 30 1000000000 2 3 51 60 25 30 0000000000 3 0 2183 60 15 30 0000000000
863604 0 5228 1 0 4 0 0 178 60 15 0 0000000000 1 1 244 60 15 30 0000010000 2 3 47 60 25 30 0000000000 3 0 2520 60 15 30 0000000000
920536 0 5950 1 1440 4 0 0 177 60 15 0 0000000000 1 1 246 60 15 30 0000010000 2 3 45 60 25 30 0000000000 3 0 2519 60 15 30 0000000000
718209 0 2566 1 0 4 0 0 174 60 15 0 0000000000 1 1 228 60 15 30 0000010000 2 3 49 60 25 30 0000000000 3 0 2542 60 15 30 0000000000
511858 5 4819 2 0 4 0 0 180 60 15 0 0000000000 1 1 208 60 15 30 1000000000 2 3 56 60 25 30 0000000000 3 0 2310 60 15 30 0000000000
355811 6 4405 1 0 5 0 0 175 60 15 0 0000000000 1 1 189 60 15 30 0010100000 2 2 89 30 20 30 0000000000 3 3 39 60 25 30 0000000000 4 0 1983 60 15 30 0000000000
803166 10 1569 3 0 4 0 0 180 60 15 0 0000000000 1 1 187 60 15 30 0000001000 2 3 52 60 25 30 0000000000 3 0 2190 60 15 30 0000000000
890376 4 5800 1 1440 4 0 0 178 60 15 0 0000000000 1 1 237 60 15 30 0000000010 2 3 42 60 25 30 0000000000 3 0 2693 60 15 30 0000000000
598088 0 7908 1 1440 4 0 0 177 60 15 0 0000000000 1 1 226 60 15 30 0000010000 2 3 48 60 25 30 0000000000 3 0 2492 60 15 30 0000000000
744704 0 7801 3 0 4 0 0 181 60 15 0 0000000000 1 1 223 60 15 30 0000010000 2 3 48 60 25 30 0000000000 3 0 2477 60 15 30 0000000000
817187 5 1765 3 0 4 0 0 185 60 15 0 0000000000 1 1 200 60 15 30 1000000000 2 3 47 60 25 30 0000000000 3 0 2316 60 15 30 0000000000
862335 0 8559 2 1440 4 0 0 178 60 15 0 0000000000 1 1 233 60 15 30 0000010000 2 3 56 60 25 30 0000000000 3 0 2493 60 15 30 0000000000
744357 6 8559 3 0 5 0 0 187 60 15 0 0000000000 1 1 164 60 15 30 0010100000 2 2 99 30 20 30 0000000000 3 3 50 60 25 30 0000000000 4 0 2084 60 15 30 0000000000
299431 1 3269 1 1440 4 0 0 186 60 15 0 0000000000 1 1 224 60 15 30 1000000000 2 3 52 60 25 30 0000000000 3 0 2162 60 15 30 0000000000
166568 0 7954 2 0 4 0 0 183 60 15 0 0000000000 1 1 229 60 15 30 0000010000 2 3 53 60 25 30 0000000000 3 0 2568 60 15 30 0000000000
362632 9 9718 2 0 5 0 0 177 60 15 0 0000000000 1 1 278 60 15 30 0000001000 2 2 83 30 20 30 0000000000 3 3 43 60 25 30 0000000000 4 0 3332 60 15 30 0000000000
729665 0 5575 1 1440 4 0 0 179 60 15 0 0000000000 1 1 221 60 15 30 0000010000 2 3 47 60 25 30 0000000000 3 0 2485 60 15 30 0000000000
667558 4 7801 3 1440 4 0 0 183 60 15 0 0000000000 1 1 222 60 15 30 0000000010 2 3 48 60 25 30 0000000000 3 0 2687 60 15 30 0000000000
133219 0 5228 3 1440 4 0 0 183 60 15 0 0000000000 1 1 206 60 15 30 0000010000 2 3 49 60 25 30 0000000000 3 0 2483 60 15 30 0000000000
663530 0 6762 3 0 4 0 0 182 60 15 0 0000000000 1 1 236 60 15 30 0000010000 2 3 55 60 25 30 0000000000 3 0 2496 60 15 30 0000000000
831944 7 4819 2 0 4 0 0 181 60 15 0 0000000000 1 1 205 60 15 30 0001000000 2 3 62 60 25 30 0000000000 3 0 2671 60 15 30 0000000000
110517 3 9718 3 0 5 0 0 183 60 15 0 0000000000 1 1 155 60 15 30 1100000000 2 2 90 30 20 30 0000000000 3 3 50 60 25 30 0000000000 4 0 1890 60 15 30 0000000000
733797 11 2673 2 0 5 0 0 179 60 15 0 0000000000 1 1 293 60 15 30 0100000010 2 2 92 30 20 30 0000000000 3 3 41 60 25 30 0000000000 4 0 3417 60 15 30 0000000000
907007 4 5575 1 0 4 0 0 180 60 15 0 0000000000 1 1 209 60 15 30 0000000010 2 3 46 60 25 30 0000000000 3 0 2767 60 15 30 0000000000
190493 1 1334 2 0 4 0 0 179 60 15 0 0000000000 1 1 216 60 15 30 1000000000 2 3 38 60 25 30 0000000000 3 0 2093 60 15 30 0000000000
644983 4 4405 2 0 4 0 0 182 60 15 0 0000000000 1 1 243 60 15 30 0000000010 2 3 46 60 25 30 0000000000 3 0 2741 60 15 30 0000000000
694707 7 5228 2 0 4 0 0 182 60 15 0 0000000000 1 1 228 60 15 30 0001000000 2 3 51 60 25 30 0000000000 3 0 2582 60 15 30 0000000000
283404 3 5575 1 0 5 0 0 168 60 15 0 0000000000 1 1 152 60 15 30 1100000000 2 2 88 30 20 30 0000000000 3 3 45 60 25 30 0000000000 4 0 1809 60 15 30 0000000000
664292 5 2673 3 0 4 0 0 175 60 15 0 0000000000 1 1 202 60 15 30 1000000000 2 3 53 60 25 30 0000000000 3 0 2320 60 15 30 0000000000
574869 0 5950 2 0 4 0 0 179 60 15 0 0000000000 1 1 229 60 15 30 0000010000 2 3 54 60 25 30 0000000000 3 0 2468 60 15 30 0000000000
129751 4 6815 1 1440 4 0 0 182 60 15 0 0000000000 1 1 226 60 15 30 0000000010 2 3 52 60 25 30 0000000000 3 0 2707 60 15 30 0000000000
259521 1 6155 1 1440 4 0 0 179 60 15 0 0000000000 1 1 215 60 15 30 1000000000 2 3 52 60 25 30 0000000000 3 0 2128 60 15 30 0000000000
246035 2 7908 3 0 4 0 0 183 60 15 0 0000000000 1 1 125 60 15 30 1000000100 2 3 47 60 25 30 0000000000 3 0 1584 60 15 30 0000000000
781460 0 7908 1 0 4 0 0 180 60 15 0 0000000000 1 1 212 60 15 30 0000010000 2 3 50 60 25 30 0000000000 3 0 2531 60 15 30 0000000000
126660 1 9479 1 0 4 0 0 180 60 15 0 0000000000 1 1 218 60 15 30 1000000000 2 3 58 60 25 30 0000000000 3 0 2105 60 15 30 0000000000
252552 6 3031 1 0 5 0 0 176 60 15 0 0000000000 1 1 164 60 15 30 0010100000 2 2 99 30 20 30 0000000000 3 3 38 60 25 30 0000000000 4 0 2104 60 15 30 0000000000
727319 3 1334 1 0 5 0 0 175 60 15 0 0000000000 1 1 160 60 15 30 1100000000 2 2 98 30 20 30 0000000000 3 3 54 60 25 30 0000000000 4 0 1844 60 15 30 0000000000
756502 2 8556 2 1440 4 0 0 178 60 15 0 0000000000 1 1 137 60 15 30 1000000100 2 3 49 60 25 30 0000000000 3 0 1634 60 15 30 0000000000
166585 0 6155 2 0 4 0 0 183 60 15 0 0000000000 1 1 237 60 15 30 0000010000 2 3 53 60 25 30 0000000000 3 0 2452 60 15 30 0000000000
317775 2 8907 3 0 4 0 0 183 60 15 0 0000000000 1 1 126 60 15 30 1000000100 2 3 47 60 25 30 0000000000 3 0 1584 60 15 30 0000000000
404187 0 9479 2 0 4 0 0 176 60 15 0 0000000000 1 1 233 60 15 30 0000010000 2 3 42 60 25 30 0000000000 3 0 2500 60 15 30 0000000000
441374 2 7954 3 0 4 0 0 177 60 15 0 0000000000 1 1 119 60 15 30 1000000100 2 3 54 60 25 30 0000000000 3 0 1615 60 15 30 0000000000
851264 0 5800 2 0 4 0 0 177 60 15 0 0000000000 1 1 242 60 15 30 0000010000 2 3 45 60 25 30 0000000000 3 0 2524 60 15 30 0000000000
842846 3 6815 2 0 5 0 0 178 60 15 0 0000000000 1 1 156 60 15 30 1100000000 2 2 98 30 20 30 0000000000 3 3 57 60 25 30 0000000000 4 0 1855 60 15 30 0000000000
821729 8 9248 3 0 4 0 0 184 60 15 0 0000000000 1 1 214 60 15 30 0000000011 2 3 53 60 25 30 0000000000 3 0 2573 60 15 30 0000000000
950503 0 6822 1 0 4 0 0 176 60 15 0 0000000000 1 1 236 60 15 30 0000010000 2 3 51 60 25 30 0000000000 3 0 2542 60 15 30 0000000000
433739 1 2566 1 1440 4 0 0 177 60 15 0 0000000000 1 1 246 60 15 30 1000000000 2 3 52 60 25 30 0000000000 3 0 2151 60 15 30 0000000000
659608 2 3508 3 0 4 0 0 174 60 15 0 0000000000 1 1 145 60 15 30 1000000100 2 3 46 60 25 30 0000000000 3 0 1603 60 15 30 0000000000
637755 4 7227 1 0 4 0 0 181 60 15 0 0000000000 1 1 229 60 15 30 0000000010 2 3 44 60 25 30 0000000000 3 0 2748 60 15 30 0000000000
377738 0 9479 3 0 4 0 0 175 60 15 0 0000000000 1 1 234 60 15 30 0000010000 2 3 53 60 25 30 0000000000 3 0 2494 60 15 30 0000000000
952550 0 6822 1 0 4 0 0 185 60 15 0 0000000000 1 1 241 60 15 30 0000010000 2 3 45 60 25 30 0000000000 3 0 2522 60 15 30 0000000000
280637 1 1358 3 0 4 0 0 177 60 15 0 0000000000 1 1 222 60 15 30 1000000000 2 3 45 60 25 30 0000000000 3 0 2100 60 15 30 0000000000
942369 1 8907 2 0 4 0 0 178 60 15 0 0000000000 1 1 226 60 15 30 1000000000 2 3 45 60 25 30 0000000000 3 0 2111 60 15 30 0000000000
626194 4 2009 1 0 4 0 0 183 60 15 0 0000000000 1 1 214 60 15 30 0000000010 2 3 60 60 25 30 0000000000 3 0 2721 60 15 30 0000000000
833416 4 2673 2 0 4 0 0 181 60 15 0 0000000000 1 1 227 60 15 30 0000000010 2 3 50 60 25 30 0000000000 3 0 2715 60 15 30 0000000000
125568 5 8907 2 0 4 0 0 181 60 15 0 0000000000 1 1 199 60 15 30 1000000000 2 3 55 60 25 30 0000000000 3 0 2389 60 15 30 0000000000
938264 0 6762 1 0 4 0 0 175 60 15 0 0000000000 1 1 224 60 15 30 0000010000 2 3 51 60 25 30 0000000000 3 0 2473 60 15 30 0000000000
676567 2 3508 2 0 4 0 0 174 60 15 0 0000000000 1 1 133 60 15 30 1000000100 2 3 53 60 25 30 0000000000 3 0 1551 60 15 30 0000000000
848255 5 8556 1 0 4 0 0 175 60 15 0 0000000000 1 1 212 60 15 30 1000000000 2 3 40 60 25 30 0000000000 3 0 2339 60 15 30 0000000000
765611 4 9248 2 0 4 0 0 176 60 15 0 0000000000 1 1 241 60 15 30 0000000010 2 3 40 60 25 30 0000000000 3 0 2683 60 15 30 0000000000
593244 1 6762 2 0 4 0 0 181 60 15 0 0000000000 1 1 217 60 15 30 1000000000 2 3 45 60 25 30 0000000000 3 0 2162 60 15 30 0000000000
418298 6 1334 3 0 5 0 0 174 60 15 0 0000000000 1 1 166 60 15 30 0010100000 2 2 85 30 20 30 0000000000 3 3 55 60 25 30 0000000000 4 0 2016 60 15 30 0000000000
112024 2 3031 2 0 4 0 0 182 60 15 0 0000000000 1 1 122 60 15 30 1000000100 2 3 52 60 25 30 0000000000 3 0 1584 60 15 30 0000000000
679684 3 7954 2 0 5 0 0 177 60 15 0 0000000000 1 1 141 60 15 30 1100000000 2 2 99 30 20 30 0000000000 3 3 45 60 25 30 0000000000 4 0 1834 60 15 30 0000000000
141387 3 3508 1 0 5 0 0 176 60 15 0 0000000000 1 1 158 60 15 30 1100000000 2 2 73 30 20 30 0000000000 3 3 49 60 25 30 0000000000 4 0 1854 60 15 30 0000000000
138221 0 6443 3 1440 4 0 0 186 60 15 0 0000000000 1 1 230 60 15 30 0000010000 2 3 39 60 25 30 0000000000 3 0 2456 60 15 30 0000000000
878929 6 9718 2 0 5 0 0 182 60 15 0 0000000000 1 1 187 60 15 30 0010100000 2 2 96 30 20 30 0000000000 3 3 45 60 25 30 0000000000 4 0 2118 60 15 30 0000000000
576873 1 5950 3 0 4 0 0 183 60 15 0 0000000000 1 1 236 60 15 30 1000000000 2 3 44 60 25 30 0000000000 3 0 2113 60 15 30 0000000000
867986 6 3508 1 0 5 0 0 178 60 15 0 0000000000 1 1 174 60 15 30 0010100000 2 2 87 30 20 30 0000000000 3 3 46 60 25 30 0000000000 4 0 2045 60 15 30 0000000000
902786 0 1358 3 1440 4 0 0 179 60 15 0 0000000000 1 1 234 60 15 30 0000010000 2 3 46 60 25 30 0000000000 3 0 2477 60 15 30 0000000000
551547 2 9329 2 0 4 0 0 178 60 15 0 0000000000 1 1 128 60 15 30 1000000100 2 3 45 60 25 30 0000000000 3 0 1569 60 15 30 0000000000
718885 2 6637 3 0 4 0 0 179 60 15 0 0000000000 1 1 137 60 15 30 1000000100 2 3 46 60 25 30 0000000000 3 0 1646 60 15 30 0000000000
699951 1 5575 3 0 4 0 0 180 60 15 0 0000000000 1 1 217 60 15 30 1000000000 2 3 49 60 25 30 0000000000 3 0 2095 60 15 30 0000000000
968718 4 8556 3 0 4 0 0 178 60 15 0 0000000000 1 1 232 60 15 30 0000000010 2 3 53 60 25 30 0000000000 3 0 2665 60 15 30 0000000000
241375 8 2673 3 0 4 0 0 180 60 15 0 0000000000 1 1 224 60 15 30 0000000011 2 3 46 60 25 30 0000000000 3 0 2618 60 15 30 0000000000
15946 0 0
14033 0 0
17523 0 0
11291 0 0
19167 0 1440
14285 0 0
16759 0 0
17821 0 0
12162 0 0
18847 0 0
17334 0 0
18353 0 0
17214 0 1440
10162 0 0
18226 0 0
11702 0 0
12770 0 1440
17545 0 1440
14812 0 0
12746 0 1440
16323 0 0
12700 0 0
18643 0 0
12941 0 0
16352 0 1440
19376 0 1440
18600 0 1440
16319 0 0
14814 0 0
15370 0 0
14711 0 0
11626 0 0
17503 0 1440
10715 0 0
10962 0 1440
16995 0 0
14525 0 0
11016 0 0
18683 0 1440
13318 0 0
19257 0 0
12547 0 0
11607 0 0
15229 0 0
13303 0 0
11641 0 0
13882 0 0
18122 0 0
10455 0 0
12910 0 0
18000 0 1440
10634 0 0
10176 0 0
12916 0 0
11345 0 1440
15653 0 0
17711 0 0
14400 0 0
12210 0 1440
18900 0 0
17691 0 0
10224 0 0
17482 0 0
14680 0 0
16453 0 0
12662 0 0
16379 0 1440
13110 0 0
18823 0 0
15984 0 0
10283 0 0
13624 0 0
11628 0 1440
14325 0 0
12548 0 0
12149 0 0
10296 0 0
14219 0 1440
18817 0 0
11247 0 0
17722 0 0
19360 0 0
12884 0 0
13660 0 0
14428 0 0
15328 0 0
13832 0 0
14638 0 0
11750 0 1440
18146 0 1440
12637 0 1440
11532 0 0
18491 0 0
13328 0 0
10604 0 0
15555 0 0
13609 0 0
13957 0 0
13729 0 0
11071 0 0
15661 0 0
15121 0 0
11436 0 0
46375 1 101111111011 25 0 900 1440 2340 2880 3780 4320 5220 5760 6660 7300 7900 10080 10980 11520 12420 12960 13860 14400 15300 15840 16740 17380 17980 20160
41681 1 101111101011 23 0 900 1440 2340 2880 3780 4320 5220 5760 6660 10080 10980 11520 12420 12960 13860 14400 15300 15840 16740 17380 17980 20160
30249 1 101110111111 21 0 900 1440 2340 2880 3780 4320 5220 5760 6660 10080 10980 11520 12420 12960 13860 14400 15300 15840 16740 20160
26750 1 111110111101 21 0 900 1440 2340 2880 3780 4320 5220 5760 6660 10080 10980 11520 12420 12960 13860 14400 15300 15840 16740 20160
33700 1 111111111011 21 0 900 1440 2340 2880 3780 4320 5220 5760 6660 10080 10980 11520 12420 12960 13860 14400 15300 15840 16740 20160
31959 1 111111010111 21 0 900 1440 2340 2880 3780 4320 5220 5760 6660 10080 10980 11520 12420 12960 13860 14400 15300 15840 16740 20160
49772 1 111111111001 21 0 900 1440 2340 2880 3780 4320 5220 5760 6660 10080 10980 11520 12420 12960 13860 14400 15300 15840 16740 20160
50491 2 1 0
69475 2 1 0
64346 2 1 0
63629 2 1 0
62568 2 1 0
87002 3 1 0
86391 3 1 0
94136 3 1 0
84149 3 1 0
85987 3 1 0
85084 3 1 0
81162 3 1 0
88000 3 1 0
74589 3 1 0
