69 197 111 12 10
6861 17 0 900 4320 5220 5760 6660 10080 10980 11520 12420 12960 13860 15840 16740 17280 18180 20160
6887 19 0 900 2880 3780 4320 5220 5760 6660 7200 8100 10080 10980 14400 15300 15840 16740 17280 18180 20160
9690 21 0 900 1440 2340 2880 3780 4320 5220 5760 6660 7200 8100 11520 12420 12960 13860 15840 16740 17280 18180 20160
3079 21 0 900 1440 2340 4320 5220 5760 6660 7200 8100 10080 10980 11520 12420 12960 13860 15840 16740 17280 18180 20160
5034 19 0 900 1440 2340 4320 5220 7200 8100 10080 10980 11520 12420 12960 13860 15840 16740 17280 18180 20160
8111 15 0 900 1440 2340 4320 5220 10080 10980 11520 12420 14400 15300 15840 16740 20160
8093 21 1440 2340 2880 3780 4320 5220 5760 6660 7200 8100 10080 10980 11520 12420 12960 13860 14400 15300 17280 18180 20160
1372 19 0 900 2880 3780 4320 5220 5760 6660 10080 10980 11520 12420 14400 15300 15840 16740 17280 18180 20160
6576 21 0 900 1440 2340 2880 3780 4320 5220 5760 6660 10080 10980 12960 13860 14400 15300 15840 16740 17280 18180 20160
4628 19 0 900 1440 2340 2880 3780 5760 6660 7200 8100 10080 10980 12960 13860 15840 16740 17280 18180 20160
3894 15 1440 2340 4320 5220 10080 10980 12960 13860 14400 15300 15840 16740 17280 18180 20160
2603 13 5760 6660 7200 8100 11520 12420 14400 15300 15840 16740 17280 18180 20160
1878 17 0 900 2880 3780 4320 5220 5760 6660 10080 10980 11520 12420 14400 15300 17280 18180 20160
6612 15 0 900 1440 2340 2880 3780 4320 5220 5760 6660 15840 16740 17280 18180 20160
3314 15 0 900 4320 5220 5760 6660 10080 10980 11520 12420 15840 16740 17280 18180 20160
6828 13 0 900 7200 8100 10080 10980 11520 12420 12960 13860 15840 16740 20160
2745 15 0 900 1440 2340 2880 3780 5760 6660 7200 8100 14400 15300 17280 18180 20160
9370 17 0 900 1440 2340 2880 3780 4320 5220 5760 6660 7200 8100 10080 10980 14400 15300 20160
8201 19 1440 2340 2880 3780 4320 5220 5760 6660 7200 8100 12960 13860 14400 15300 15840 16740 17280 18180 20160
1965 21 0 900 1440 2340 2880 3780 4320 5220 10080 10980 11520 12420 12960 13860 14400 15300 15840 16740 17280 18180 20160
3609 17 0 900 1440 2340 2880 3780 5760 6660 7200 8100 14400 15300 15840 16740 17280 18180 20160
6389 21 0 900 1440 2340 2880 3780 4320 5220 5760 6660 11520 12420 12960 13860 14400 15300 15840 16740 17280 18180 20160
7463 17 4320 5220 5760 6660 7200 8100 10080 10980 11520 12420 12960 13860 14400 15300 17280 18180 20160
7908 11 4320 5220 5760 6660 10080 10980 14400 15300 17280 18180 20160
7320 17 1440 2340 2880 3780 5760 6660 7200 8100 10080 10980 11520 12420 12960 13860 14400 15300 20160
8326 19 0 900 1440 2340 2880 3780 4320 5220 7200 8100 10080 10980 11520 12420 12960 13860 14400 15300 20160
1846 19 0 900 1440 2340 2880 3780 4320 5220 5760 6660 10080 10980 11520 12420 12960 13860 15840 16740 20160
6654 19 0 900 1440 2340 4320 5220 5760 6660 10080 10980 11520 12420 12960 13860 15840 16740 17280 18180 20160
8674 19 1440 2340 2880 3780 4320 5220 5760 6660 7200 8100 10080 10980 14400 15300 15840 16740 17280 18180 20160
1929 21 0 900 1440 2340 2880 3780 7200 8100 10080 10980 11520 12420 12960 13860 14400 15300 15840 16740 17280 18180 20160
4144 15 1440 2340 7200 8100 10080 10980 11520 12420 14400 15300 15840 16740 17280 18180 20160
6094 19 1440 2340 2880 3780 5760 6660 7200 8100 11520 12420 12960 13860 14400 15300 15840 16740 17280 18180 20160
2437 21 0 900 1440 2340 2880 3780 4320 5220 7200 8100 10080 10980 11520 12420 12960 13860 15840 16740 17280 18180 20160
5134 19 1440 2340 4320 5220 5760 6660 7200 8100 11520 12420 12960 13860 14400 15300 15840 16740 17280 18180 20160
6219 17 0 900 2880 3780 4320 5220 5760 6660 7200 8100 10080 10980 11520 12420 14400 15300 20160
7069 21 0 900 1440 2340 2880 3780 4320 5220 7200 8100 11520 12420 12960 13860 14400 15300 15840 16740 17280 18180 20160
7731 21 0 900 1440 2340 2880 3780 4320 5220 5760 6660 10080 10980 11520 12420 12960 13860 14400 15300 15840 16740 20160
1612 13 0 900 7200 8100 10080 10980 12960 13860 15840 16740 17280 18180 20160
3323 11 1440 2340 2880 3780 10080 10980 12960 13860 15840 16740 20160
5816 19 0 900 1440 2340 2880 3780 4320 5220 10080 10980 11520 12420 12960 13860 14400 15300 17280 18180 20160
5599 15 1440 2340 5760 6660 10080 10980 11520 12420 12960 13860 14400 15300 17280 18180 20160
6382 15 0 900 1440 2340 2880 3780 7200 8100 11520 12420 12960 13860 15840 16740 20160
7270 11 2880 3780 5760 6660 7200 8100 14400 15300 17280 18180 20160
4230 21 0 900 1440 2340 2880 3780 4320 5220 5760 6660 7200 8100 10080 10980 11520 12420 12960 13860 14400 15300 20160
1083 21 0 900 1440 2340 2880 3780 5760 6660 7200 8100 10080 10980 11520 12420 12960 13860 15840 16740 17280 18180 20160
1035 9 0 900 4320 5220 12960 13860 14400 15300 20160
5067 21 0 900 2880 3780 4320 5220 5760 6660 7200 8100 10080 10980 11520 12420 12960 13860 14400 15300 17280 18180 20160
1066 15 1440 2340 2880 3780 5760 6660 7200 8100 10080 10980 11520 12420 17280 18180 20160
3417 13 0 900 4320 5220 11520 12420 12960 13860 15840 16740 17280 18180 20160
7343 21 1440 2340 2880 3780 4320 5220 5760 6660 10080 10980 11520 12420 12960 13860 14400 15300 15840 16740 17280 18180 20160
3656 13 0 900 1440 2340 5760 6660 11520 12420 15840 16740 17280 18180 20160
1656 17 0 900 1440 2340 2880 3780 4320 5220 5760 6660 7200 8100 11520 12420 17280 18180 20160
5321 23 0 900 1440 2340 2880 3780 4320 5220 7200 8100 10080 10980 11520 12420 12960 13860 14400 15300 15840 16740 17280 18180 20160
6166 21 0 900 1440 2340 2880 3780 4320 5220 5760 6660 7200 8100 10080 10980 12960 13860 14400 15300 15840 16740 20160
9016 19 4320 5220 5760 6660 7200 8100 10080 10980 11520 12420 12960 13860 14400 15300 15840 16740 17280 18180 20160
8508 15 0 900 4320 5220 7200 8100 10080 10980 11520 12420 15840 16740 17280 18180 20160
7960 17 1440 2340 2880 3780 4320 5220 7200 8100 10080 10980 11520 12420 12960 13860 15840 16740 20160
3234 21 0 900 1440 2340 2880 3780 5760 6660 7200 8100 10080 10980 11520 12420 14400 15300 15840 16740 17280 18180 20160
5774 17 0 900 7200 8100 10080 10980 11520 12420 12960 13860 14400 15300 15840 16740 17280 18180 20160
4260 17 2880 3780 4320 5220 5760 6660 7200 8100 10080 10980 12960 13860 15840 16740 17280 18180 20160
6680 19 0 900 1440 2340 4320 5220 5760 6660 7200 8100 10080 10980 12960 13860 14400 15300 17280 18180 20160
4235 17 0 900 1440 2340 5760 6660 10080 10980 11520 12420 12960 13860 14400 15300 17280 18180 20160
8610 17 0 900 2880 3780 4320 5220 5760 6660 7200 8100 12960 13860 15840 16740 17280 18180 20160
3231 15 1440 2340 2880 3780 4320 5220 7200 8100 12960 13860 14400 15300 17280 18180 20160
5109 21 0 900 1440 2340 2880 3780 4320 5220 5760 6660 7200 8100 10080 10980 11520 12420 15840 16740 17280 18180 20160
6488 15 0 900 1440 2340 5760 6660 12960 13860 14400 15300 15840 16740 17280 18180 20160
3019 19 0 900 1440 2340 4320 5220 5760 6660 10080 10980 11520 12420 12960 13860 15840 16740 17280 18180 20160
7351 11 1440 2340 5760 6660 7200 8100 11520 12420 12960 13860 20160
1801 19 0 900 2880 3780 4320 5220 5760 6660 10080 10980 11520 12420 12960 13860 14400 15300 17280 18180 20160
rackdeVideo 3
rackdeEndoscopia 1
microscópiOftalmo 1
microscopioNeuro 1
plataformaArgonio 1
mesasTracaoOrtopédica 2
mesasArticuladas 2
perneiraPosicaoGine 1
arcoCirurgico 2
ultrassom 1
306459 1 5067 3 0 4 0 0 177 60 15 0 0000000000 1 1 237 60 15 30 1000000000 2 3 51 60 25 30 0000000000 3 0 2104 60 15 30 0000000000
358669 0 7270 2 0 4 0 0 179 60 15 0 0000000000 1 1 228 60 15 30 0000010000 2 3 48 60 25 30 0000000000 3 0 2462 60 15 30 0000000000
511697 1 1878 1 0 4 0 0 179 60 15 0 0000000000 1 1 211 60 15 30 1000000000 2 3 53 60 25 30 0000000000 3 0 2119 60 15 30 0000000000
846650 0 8111 1 0 4 0 0 183 60 15 0 0000000000 1 1 217 60 15 30 0000010000 2 3 45 60 25 30 0000000000 3 0 2504 60 15 30 0000000000
223384 5 3314 1 0 4 0 0 175 60 15 0 0000000000 1 1 193 60 15 30 1000000000 2 3 48 60 25 30 0000000000 3 0 2303 60 15 30 0000000000
632172 2 3894 3 0 4 0 0 179 60 15 0 0000000000 1 1 120 60 15 30 1000000100 2 3 47 60 25 30 0000000000 3 0 1585 60 15 30 0000000000
302331 3 6861 3 1440 5 0 0 177 60 15 0 0000000000 1 1 161 60 15 30 1100000000 2 2 100 30 20 30 0000000000 3 3 54 60 25 30 0000000000 4 0 1839 60 15 30 0000000000
400014 8 7731 2 0 4 0 0 178 60 15 0 0000000000 1 1 211 60 15 30 0000000011 2 3 52 60 25 30 0000000000 3 0 2571 60 15 30 0000000000
200044 0 3323 3 0 4 0 0 184 60 15 0 0000000000 1 1 228 60 15 30 0000010000 2 3 54 60 25 30 0000000000 3 0 2476 60 15 30 0000000000
443385 10 1083 1 0 4 0 0 179 60 15 0 0000000000 1 1 190 60 15 30 0000001000 2 3 56 60 25 30 0000000000 3 0 2163 60 15 30 0000000000
343990 0 1846 1 0 4 0 0 178 60 15 0 0000000000 1 1 229 60 15 30 0000010000 2 3 37 60 25 30 0000000000 3 0 2511 60 15 30 0000000000
473872 0 1372 1 1440 4 0 0 183 60 15 0 0000000000 1 1 225 60 15 30 0000010000 2 3 53 60 25 30 0000000000 3 0 2530 60 15 30 0000000000
511868 1 7908 2 1440 4 0 0 180 60 15 0 0000000000 1 1 214 60 15 30 1000000000 2 3 58 60 25 30 0000000000 3 0 2098 60 15 30 0000000000
177066 6 7320 2 1440 5 0 0 181 60 15 0 0000000000 1 1 178 60 15 30 0010100000 2 2 97 30 20 30 0000000000 3 3 57 60 25 30 0000000000 4 0 2054 60 15 30 0000000000
569967 1 6680 3 1440 4 0 0 178 60 15 0 0000000000 1 1 213 60 15 30 1000000000 2 3 63 60 25 30 0000000000 3 0 2129 60 15 30 0000000000
504345 0 7343 3 0 4 0 0 180 60 15 0 0000000000 1 1 246 60 15 30 0000010000 2 3 38 60 25 30 0000000000 3 0 2507 60 15 30 0000000000
121624 3 6382 3 0 5 0 0 174 60 15 0 0000000000 1 1 141 60 15 30 1100000000 2 2 100 30 20 30 0000000000 3 3 54 60 25 30 0000000000 4 0 1827 60 15 30 0000000000
821449 0 6094 1 0 4 0 0 179 60 15 0 0000000000 1 1 235 60 15 30 0000010000 2 3 44 60 25 30 0000000000 3 0 2499 60 15 30 0000000000
507861 0 1929 1 0 4 0 0 185 60 15 0 0000000000 1 1 222 60 15 30 0000010000 2 3 57 60 25 30 0000000000 3 0 2516 60 15 30 0000000000
495980 2 3019 3 0 4 0 0 179 60 15 0 0000000000 1 1 125 60 15 30 1000000100 2 3 53 60 25 30 0000000000 3 0 1596 60 15 30 0000000000
761224 5 5134 2 0 4 0 0 185 60 15 0 0000000000 1 1 171 60 15 30 1000000000 2 3 50 60 25 30 0000000000 3 0 2328 60 15 30 0000000000
843024 2 5034 3 1440 4 0 0 178 60 15 0 0000000000 1 1 129 60 15 30 1000000100 2 3 53 60 25 30 0000000000 3 0 1597 60 15 30 0000000000
887281 0 5321 3 0 4 0 0 181 60 15 0 0000000000 1 1 215 60 15 30 0000010000 2 3 49 60 25 30 0000000000 3 0 2538 60 15 30 0000000000
382463 3 4144 3 0 5 0 0 180 60 15 0 0000000000 1 1 165 60 15 30 1100000000 2 2 101 30 20 30 0000000000 3 3 57 60 25 30 0000000000 4 0 1882 60 15 30 0000000000
346754 3 9690 2 1440 5 0 0 183 60 15 0 0000000000 1 1 146 60 15 30 1100000000 2 2 84 30 20 30 0000000000 3 3 46 60 25 30 0000000000 4 0 1893 60 15 30 0000000000
728751 3 8508 2 0 5 0 0 182 60 15 0 0000000000 1 1 169 60 15 30 1100000000 2 2 83 30 20 30 0000000000 3 3 51 60 25 30 0000000000 4 0 1878 60 15 30 0000000000
611718 4 1929 3 0 4 0 0 185 60 15 0 0000000000 1 1 212 60 15 30 0000000010 2 3 55 60 25 30 0000000000 3 0 2761 60 15 30 0000000000
908134 1 3079 2 0 4 0 0 183 60 15 0 0000000000 1 1 216 60 15 30 1000000000 2 3 45 60 25 30 0000000000 3 0 2079 60 15 30 0000000000
664001 1 3609 1 0 4 0 0 179 60 15 0 0000000000 1 1 205 60 15 30 1000000000 2 3 53 60 25 30 0000000000 3 0 2087 60 15 30 0000000000
229791 7 3417 2 0 4 0 0 182 60 15 0 0000000000 1 1 236 60 15 30 0001000000 2 3 50 60 25 30 0000000000 3 0 2675 60 15 30 0000000000
418782 0 6861 3 1440 4 0 0 174 60 15 0 0000000000 1 1 223 60 15 30 0000010000 2 3 54 60 25 30 0000000000 3 0 2502 60 15 30 0000000000
802914 3 7320 2 0 5 0 0 177 60 15 0 0000000000 1 1 178 60 15 30 1100000000 2 2 95 30 20 30 0000000000 3 3 43 60 25 30 0000000000 4 0 1854 60 15 30 0000000000
540525 0 6576 3 0 4 0 0 182 60 15 0 0000000000 1 1 228 60 15 30 0000010000 2 3 54 60 25 30 0000000000 3 0 2507 60 15 30 0000000000
408746 4 8201 3 1440 4 0 0 178 60 15 0 0000000000 1 1 194 60 15 30 0000000010 2 3 54 60 25 30 0000000000 3 0 2670 60 15 30 0000000000
512229 5 6576 2 0 4 0 0 174 60 15 0 0000000000 1 1 201 60 15 30 1000000000 2 3 54 60 25 30 0000000000 3 0 2283 60 15 30 0000000000
432782 3 3234 1 0 5 0 0 183 60 15 0 0000000000 1 1 154 60 15 30 1100000000 2 2 72 30 20 30 0000000000 3 3 51 60 25 30 0000000000 4 0 1837 60 15 30 0000000000
943213 2 6828 2 0 4 0 0 180 60 15 0 0000000000 1 1 125 60 15 30 1000000100 2 3 44 60 25 30 0000000000 3 0 1603 60 15 30 0000000000
740302 2 9016 1 0 4 0 0 176 60 15 0 0000000000 1 1 135 60 15 30 1000000100 2 3 43 60 25 30 0000000000 3 0 1620 60 15 30 0000000000
146832 5 6166 3 0 4 0 0 187 60 15 0 0000000000 1 1 193 60 15 30 1000000000 2 3 48 60 25 30 0000000000 3 0 2320 60 15 30 0000000000
328683 1 4144 2 0 4 0 0 174 60 15 0 0000000000 1 1 209 60 15 30 1000000000 2 3 48 60 25 30 0000000000 3 0 2093 60 15 30 0000000000
850215 5 1846 2 0 4 0 0 171 60 15 0 0000000000 1 1 188 60 15 30 1000000000 2 3 47 60 25 30 0000000000 3 0 2376 60 15 30 0000000000
789753 7 5816 1 0 4 0 0 183 60 15 0 0000000000 1 1 210 60 15 30 0001000000 2 3 55 60 25 30 0000000000 3 0 2662 60 15 30 0000000000
623790 1 4144 3 0 4 0 0 176 60 15 0 0000000000 1 1 217 60 15 30 1000000000 2 3 52 60 25 30 0000000000 3 0 2075 60 15 30 0000000000
951409 6 6680 1 0 5 0 0 175 60 15 0 0000000000 1 1 170 60 15 30 0010100000 2 2 85 30 20 30 0000000000 3 3 55 60 25 30 0000000000 4 0 2022 60 15 30 0000000000
368178 0 5599 3 0 4 0 0 173 60 15 0 0000000000 1 1 225 60 15 30 0000010000 2 3 49 60 25 30 0000000000 3 0 2543 60 15 30 0000000000
874136 6 6219 2 0 5 0 0 179 60 15 0 0000000000 1 1 172 60 15 30 0010100000 2 2 99 30 20 30 0000000000 3 3 58 60 25 30 0000000000 4 0 2118 60 15 30 0000000000
811461 2 4235 3 0 4 0 0 180 60 15 0 0000000000 1 1 121 60 15 30 1000000100 2 3 44 60 25 30 0000000000 3 0 1630 60 15 30 0000000000
421885 1 5067 1 1440 4 0 0 182 60 15 0 0000000000 1 1 215 60 15 30 1000000000 2 3 47 60 25 30 0000000000 3 0 2123 60 15 30 0000000000
757397 2 5034 1 1440 4 0 0 177 60 15 0 0000000000 1 1 125 60 15 30 1000000100 2 3 50 60 25 30 0000000000 3 0 1596 60 15 30 0000000000
726693 0 5816 3 0 4 0 0 174 60 15 0 0000000000 1 1 236 60 15 30 0000010000 2 3 54 60 25 30 0000000000 3 0 2508 60 15 30 0000000000
339060 0 8201 1 0 4 0 0 177 60 15 0 0000000000 1 1 213 60 15 30 0000010000 2 3 50 60 25 30 0000000000 3 0 2532 60 15 30 0000000000
913834 7 1929 3 0 4 0 0 184 60 15 0 0000000000 1 1 209 60 15 30 0001000000 2 3 46 60 25 30 0000000000 3 0 2578 60 15 30 0000000000
499042 4 4628 2 0 4 0 0 179 60 15 0 0000000000 1 1 224 60 15 30 0000000010 2 3 40 60 25 30 0000000000 3 0 2776 60 15 30 0000000000
171819 9 1965 3 0 5 0 0 173 60 15 0 0000000000 1 1 271 60 15 30 0000001000 2 2 95 30 20 30 0000000000 3 3 53 60 25 30 0000000000 4 0 3338 60 15 30 0000000000
517881 9 7960 1 0 5 0 0 184 60 15 0 0000000000 1 1 271 60 15 30 0000001000 2 2 91 30 20 30 0000000000 3 3 45 60 25 30 0000000000 4 0 3346 60 15 30 0000000000
160545 0 8674 1 0 4 0 0 182 60 15 0 0000000000 1 1 233 60 15 30 0000010000 2 3 45 60 25 30 0000000000 3 0 2473 60 15 30 0000000000
797727 6 1965 2 0 5 0 0 177 60 15 0 0000000000 1 1 190 60 15 30 0010100000 2 2 96 30 20 30 0000000000 3 3 44 60 25 30 0000000000 4 0 2048 60 15 30 0000000000
933917 6 7908 1 0 5 0 0 178 60 15 0 0000000000 1 1 167 60 15 30 0010100000 2 2 110 30 20 30 0000000000 3 3 42 60 25 30 0000000000 4 0 2055 60 15 30 0000000000
509567 6 1965 1 0 5 0 0 182 60 15 0 0000000000 1 1 158 60 15 30 0010100000 2 2 88 30 20 30 0000000000 3 3 42 60 25 30 0000000000 4 0 2095 60 15 30 0000000000
448906 7 3019 2 0 4 0 0 179 60 15 0 0000000000 1 1 218 60 15 30 0001000000 2 3 51 60 25 30 0000000000 3 0 2632 60 15 30 0000000000
778177 10 2745 1 1440 4 0 0 176 60 15 0 0000000000 1 1 198 60 15 30 0000001000 2 3 52 60 25 30 0000000000 3 0 2207 60 15 30 0000000000
304687 4 1801 2 0 4 0 0 177 60 15 0 0000000000 1 1 219 60 15 30 0000000010 2 3 41 60 25 30 0000000000 3 0 2781 60 15 30 0000000000
365000 1 5816 2 0 4 0 0 180 60 15 0 0000000000 1 1 202 60 15 30 1000000000 2 3 53 60 25 30 0000000000 3 0 2120 60 15 30 0000000000
448759 4 9016 3 0 4 0 0 179 60 15 0 0000000000 1 1 229 60 15 30 0000000010 2 3 42 60 25 30 0000000000 3 0 2699 60 15 30 0000000000
126366 10 6382 1 1440 4 0 0 178 60 15 0 0000000000 1 1 197 60 15 30 0000001000 2 3 54 60 25 30 0000000000 3 0 2244 60 15 30 0000000000
117165 10 2603 2 0 4 0 0 183 60 15 0 0000000000 1 1 180 60 15 30 0000001000 2 3 50 60 25 30 0000000000 3 0 2231 60 15 30 0000000000
698173 0 6219 2 1440 4 0 0 176 60 15 0 0000000000 1 1 221 60 15 30 0000010000 2 3 55 60 25 30 0000000000 3 0 2537 60 15 30 0000000000
940028 2 6389 1 0 4 0 0 170 60 15 0 0000000000 1 1 128 60 15 30 1000000100 2 3 49 60 25 30 0000000000 3 0 1635 60 15 30 0000000000
906129 11 6576 2 1440 5 0 0 182 60 15 0 0000000000 1 1 265 60 15 30 0100000010 2 2 89 30 20 30 0000000000 3 3 51 60 25 30 0000000000 4 0 3359 60 15 30 0000000000
211834 3 1929 1 0 5 0 0 180 60 15 0 0000000000 1 1 149 60 15 30 1100000000 2 2 92 30 20 30 0000000000 3 3 45 60 25 30 0000000000 4 0 1869 60 15 30 0000000000
444678 7 2603 1 0 4 0 0 183 60 15 0 0000000000 1 1 191 60 15 30 0001000000 2 3 51 60 25 30 0000000000 3 0 2668 60 15 30 0000000000
202627 8 4260 3 0 4 0 0 183 60 15 0 0000000000 1 1 216 60 15 30 0000000011 2 3 56 60 25 30 0000000000 3 0 2601 60 15 30 0000000000
629506 6 3894 3 1440 5 0 0 189 60 15 0 0000000000 1 1 176 60 15 30 0010100000 2 2 89 30 20 30 0000000000 3 3 56 60 25 30 0000000000 4 0 2089 60 15 30 0000000000
633242 9 1878 1 1440 5 0 0 180 60 15 0 0000000000 1 1 275 60 15 30 0000001000 2 2 77 30 20 30 0000000000 3 3 47 60 25 30 0000000000 4 0 3299 60 15 30 0000000000
433105 7 8508 1 0 4 0 0 179 60 15 0 0000000000 1 1 231 60 15 30 0001000000 2 3 40 60 25 30 0000000000 3 0 2617 60 15 30 0000000000
133915 1 6887 3 0 4 0 0 182 60 15 0 0000000000 1 1 223 60 15 30 1000000000 2 3 52 60 25 30 0000000000 3 0 2132 60 15 30 0000000000
679032 0 3609 3 0 4 0 0 177 60 15 0 0000000000 1 1 233 60 15 30 0000010000 2 3 55 60 25 30 0000000000 3 0 2490 60 15 30 0000000000
718399 1 7960 3 0 4 0 0 173 60 15 0 0000000000 1 1 221 60 15 30 1000000000 2 3 48 60 25 30 0000000000 3 0 2119 60 15 30 0000000000
345178 10 3656 2 0 4 0 0 180 60 15 0 0000000000 1 1 175 60 15 30 0000001000 2 3 52 60 25 30 0000000000 3 0 2254 60 15 30 0000000000
974396 9 1372 3 0 5 0 0 175 60 15 0 0000000000 1 1 274 60 15 30 0000001000 2 2 92 30 20 30 0000000000 3 3 41 60 25 30 0000000000 4 0 3373 60 15 30 0000000000
324519 1 6887 2 0 4 0 0 177 60 15 0 0000000000 1 1 211 60 15 30 1000000000 2 3 57 60 25 30 0000000000 3 0 2127 60 15 30 0000000000
869965 5 3079 2 0 4 0 0 178 60 15 0 0000000000 1 1 197 60 15 30 1000000000 2 3 54 60 25 30 0000000000 3 0 2286 60 15 30 0000000000
680973 6 9016 3 1440 5 0 0 182 60 15 0 0000000000 1 1 158 60 15 30 0010100000 2 2 89 30 20 30 0000000000 3 3 54 60 25 30 0000000000 4 0 2101 60 15 30 0000000000
184607 10 1965 2 1440 4 0 0 179 60 15 0 0000000000 1 1 193 60 15 30 0000001000 2 3 54 60 25 30 0000000000 3 0 2245 60 15 30 0000000000
789160 1 8508 2 1440 4 0 0 178 60 15 0 0000000000 1 1 206 60 15 30 1000000000 2 3 61 60 25 30 0000000000 3 0 2047 60 15 30 0000000000
192919 0 3609 2 0 4 0 0 176 60 15 0 0000000000 1 1 210 60 15 30 0000010000 2 3 44 60 25 30 0000000000 3 0 2514 60 15 30 0000000000
500637 3 8111 1 0 5 0 0 182 60 15 0 0000000000 1 1 136 60 15 30 1100000000 2 2 86 30 20 30 0000000000 3 3 53 60 25 30 0000000000 4 0 1911 60 15 30 0000000000
323399 3 3323 1 0 5 0 0 174 60 15 0 0000000000 1 1 147 60 15 30 1100000000 2 2 98 30 20 30 0000000000 3 3 45 60 25 30 0000000000 4 0 1806 60 15 30 0000000000
500924 0 6166 3 0 4 0 0 181 60 15 0 0000000000 1 1 225 60 15 30 0000010000 2 3 51 60 25 30 0000000000 3 0 2553 60 15 30 0000000000
171495 4 8093 2 1440 4 0 0 180 60 15 0 0000000000 1 1 224 60 15 30 0000000010 2 3 50 60 25 30 0000000000 3 0 2709 60 15 30 0000000000
201131 10 7351 2 0 4 0 0 175 60 15 0 0000000000 1 1 185 60 15 30 0000001000 2 3 52 60 25 30 0000000000 3 0 2223 60 15 30 0000000000
893955 8 8093 1 0 4 0 0 183 60 15 0 0000000000 1 1 217 60 15 30 0000000011 2 3 56 60 25 30 0000000000 3 0 2565 60 15 30 0000000000
239473 2 5321 2 0 4 0 0 183 60 15 0 0000000000 1 1 114 60 15 30 1000000100 2 3 51 60 25 30 0000000000 3 0 1632 60 15 30 0000000000
622337 9 4260 1 0 5 0 0 185 60 15 0 0000000000 1 1 296 60 15 30 0000001000 2 2 87 30 20 30 0000000000 3 3 50 60 25 30 0000000000 4 0 3364 60 15 30 0000000000
812907 6 8674 2 1440 5 0 0 185 60 15 0 0000000000 1 1 175 60 15 30 0010100000 2 2 73 30 20 30 0000000000 3 3 36 60 25 30 0000000000 4 0 2082 60 15 30 0000000000
591398 1 3231 2 0 4 0 0 181 60 15 0 0000000000 1 1 209 60 15 30 1000000000 2 3 55 60 25 30 0000000000 3 0 2154 60 15 30 0000000000
418740 4 5599 3 0 4 0 0 181 60 15 0 0000000000 1 1 208 60 15 30 0000000010 2 3 49 60 25 30 0000000000 3 0 2668 60 15 30 0000000000
456857 7 3609 3 1440 4 0 0 180 60 15 0 0000000000 1 1 222 60 15 30 0001000000 2 3 44 60 25 30 0000000000 3 0 2637 60 15 30 0000000000
682340 1 3656 2 0 4 0 0 175 60 15 0 0000000000 1 1 208 60 15 30 1000000000 2 3 49 60 25 30 0000000000 3 0 2078 60 15 30 0000000000
829711 2 2603 3 0 4 0 0 179 60 15 0 0000000000 1 1 134 60 15 30 1000000100 2 3 47 60 25 30 0000000000 3 0 1592 60 15 30 0000000000
610727 0 3417 1 0 4 0 0 182 60 15 0 0000000000 1 1 207 60 15 30 0000010000 2 3 48 60 25 30 0000000000 3 0 2525 60 15 30 0000000000
555311 1 6488 3 0 4 0 0 181 60 15 0 0000000000 1 1 206 60 15 30 1000000000 2 3 49 60 25 30 0000000000 3 0 2108 60 15 30 0000000000
594155 1 8093 2 0 4 0 0 184 60 15 0 0000000000 1 1 226 60 15 30 1000000000 2 3 57 60 25 30 0000000000 3 0 2113 60 15 30 0000000000
489405 6 6094 3 1440 5 0 0 180 60 15 0 0000000000 1 1 169 60 15 30 0010100000 2 2 85 30 20 30 0000000000 3 3 45 60 25 30 0000000000 4 0 2070 60 15 30 0000000000
645864 6 6219 3 0 5 0 0 174 60 15 0 0000000000 1 1 170 60 15 30 0010100000 2 2 89 30 20 30 0000000000 3 3 39 60 25 30 0000000000 4 0 2057 60 15 30 0000000000
703240 0 7351 1 0 4 0 0 184 60 15 0 0000000000 1 1 234 60 15 30 0000010000 2 3 48 60 25 30 0000000000 3 0 2539 60 15 30 0000000000
120373 0 3231 1 0 4 0 0 180 60 15 0 0000000000 1 1 225 60 15 30 0000010000 2 3 55 60 25 30 0000000000 3 0 2470 60 15 30 0000000000
195391 0 6828 1 0 4 0 0 182 60 15 0 0000000000 1 1 223 60 15 30 0000010000 2 3 58 60 25 30 0000000000 3 0 2513 60 15 30 0000000000
496157 0 8201 1 0 4 0 0 183 60 15 0 0000000000 1 1 222 60 15 30 0000010000 2 3 54 60 25 30 0000000000 3 0 2524 60 15 30 0000000000
996076 0 7343 1 1440 4 0 0 180 60 15 0 0000000000 1 1 231 60 15 30 0000010000 2 3 39 60 25 30 0000000000 3 0 2503 60 15 30 0000000000
461146 0 4144 1 0 4 0 0 184 60 15 0 0000000000 1 1 233 60 15 30 0000010000 2 3 43 60 25 30 0000000000 3 0 2463 60 15 30 0000000000
653574 1 3417 2 0 4 0 0 181 60 15 0 0000000000 1 1 220 60 15 30 1000000000 2 3 44 60 25 30 0000000000 3 0 2081 60 15 30 0000000000
861962 2 5067 2 1440 4 0 0 171 60 15 0 0000000000 1 1 136 60 15 30 1000000100 2 3 39 60 25 30 0000000000 3 0 1599 60 15 30 0000000000
394423 6 3417 3 0 5 0 0 181 60 15 0 0000000000 1 1 160 60 15 30 0010100000 2 2 96 30 20 30 0000000000 3 3 54 60 25 30 0000000000 4 0 2108 60 15 30 0000000000
545071 2 6219 2 0 4 0 0 178 60 15 0 0000000000 1 1 144 60 15 30 1000000100 2 3 54 60 25 30 0000000000 3 0 1618 60 15 30 0000000000
929018 0 6488 2 0 4 0 0 182 60 15 0 0000000000 1 1 219 60 15 30 0000010000 2 3 50 60 25 30 0000000000 3 0 2499 60 15 30 0000000000
875392 5 3079 1 0 4 0 0 177 60 15 0 0000000000 1 1 189 60 15 30 1000000000 2 3 48 60 25 30 0000000000 3 0 2307 60 15 30 0000000000
442758 1 5321 2 0 4 0 0 181 60 15 0 0000000000 1 1 219 60 15 30 1000000000 2 3 52 60 25 30 0000000000 3 0 2058 60 15 30 0000000000
161186 9 9690 1 0 5 0 0 180 60 15 0 0000000000 1 1 250 60 15 30 0000001000 2 2 103 30 20 30 0000000000 3 3 52 60 25 30 0000000000 4 0 3380 60 15 30 0000000000
524414 2 3231 2 1440 4 0 0 181 60 15 0 0000000000 1 1 126 60 15 30 1000000100 2 3 40 60 25 30 0000000000 3 0 1586 60 15 30 0000000000
463293 1 1929 1 0 4 0 0 180 60 15 0 0000000000 1 1 232 60 15 30 1000000000 2 3 45 60 25 30 0000000000 3 0 2049 60 15 30 0000000000
202847 0 6488 2 1440 4 0 0 179 60 15 0 0000000000 1 1 231 60 15 30 0000010000 2 3 47 60 25 30 0000000000 3 0 2525 60 15 30 0000000000
864883 6 3609 3 0 5 0 0 179 60 15 0 0000000000 1 1 164 60 15 30 0010100000 2 2 95 30 20 30 0000000000 3 3 55 60 25 30 0000000000 4 0 2057 60 15 30 0000000000
649211 0 1801 1 1440 4 0 0 185 60 15 0 0000000000 1 1 243 60 15 30 0000010000 2 3 51 60 25 30 0000000000 3 0 2464 60 15 30 0000000000
729766 2 1929 2 0 4 0 0 176 60 15 0 0000000000 1 1 139 60 15 30 1000000100 2 3 51 60 25 30 0000000000 3 0 1564 60 15 30 0000000000
906800 0 6887 2 0 4 0 0 175 60 15 0 0000000000 1 1 216 60 15 30 0000010000 2 3 56 60 25 30 0000000000 3 0 2528 60 15 30 0000000000
207466 0 6382 1 0 4 0 0 178 60 15 0 0000000000 1 1 220 60 15 30 0000010000 2 3 39 60 25 30 0000000000 3 0 2523 60 15 30 0000000000
226178 2 5816 2 0 4 0 0 175 60 15 0 0000000000 1 1 116 60 15 30 1000000100 2 3 54 60 25 30 0000000000 3 0 1565 60 15 30 0000000000
741612 5 8093 2 0 4 0 0 181 60 15 0 0000000000 1 1 196 60 15 30 1000000000 2 3 45 60 25 30 0000000000 3 0 2382 60 15 30 0000000000
480256 0 7960 1 0 4 0 0 177 60 15 0 0000000000 1 1 220 60 15 30 0000010000 2 3 54 60 25 30 0000000000 3 0 2478 60 15 30 0000000000
857536 0 6828 3 0 4 0 0 186 60 15 0 0000000000 1 1 218 60 15 30 0000010000 2 3 52 60 25 30 0000000000 3 0 2487 60 15 30 0000000000
499348 6 1066 2 0 5 0 0 183 60 15 0 0000000000 1 1 168 60 15 30 0010100000 2 2 92 30 20 30 0000000000 3 3 52 60 25 30 0000000000 4 0 2068 60 15 30 0000000000
676882 1 3314 3 0 4 0 0 172 60 15 0 0000000000 1 1 226 60 15 30 1000000000 2 3 56 60 25 30 0000000000 3 0 2059 60 15 30 0000000000
972736 0 1878 1 0 4 0 0 183 60 15 0 0000000000 1 1 207 60 15 30 0000010000 2 3 47 60 25 30 0000000000 3 0 2458 60 15 30 0000000000
988400 9 4235 2 0 5 0 0 182 60 15 0 0000000000 1 1 282 60 15 30 0000001000 2 2 91 30 20 30 0000000000 3 3 62 60 25 30 0000000000 4 0 3323 60 15 30 0000000000
330118 4 6382 2 0 4 0 0 179 60 15 0 0000000000 1 1 233 60 15 30 0000000010 2 3 55 60 25 30 0000000000 3 0 2686 60 15 30 0000000000
786226 1 2603 2 0 4 0 0 179 60 15 0 0000000000 1 1 208 60 15 30 1000000000 2 3 52 60 25 30 0000000000 3 0 2123 60 15 30 0000000000
151776 9 3019 3 0 5 0 0 179 60 15 0 0000000000 1 1 269 60 15 30 0000001000 2 2 80 30 20 30 0000000000 3 3 38 60 25 30 0000000000 4 0 3367 60 15 30 0000000000
133426 0 8111 3 0 4 0 0 183 60 15 0 0000000000 1 1 219 60 15 30 0000010000 2 3 54 60 25 30 0000000000 3 0 2481 60 15 30 0000000000
299486 5 3314 3 0 4 0 0 182 60 15 0 0000000000 1 1 203 60 15 30 1000000000 2 3 51 60 25 30 0000000000 3 0 2364 60 15 30 0000000000
504231 6 1372 3 1440 5 0 0 179 60 15 0 0000000000 1 1 169 60 15 30 0010100000 2 2 88 30 20 30 0000000000 3 3 53 60 25 30 0000000000 4 0 2062 60 15 30 0000000000
906322 4 3609 2 0 4 0 0 179 60 15 0 0000000000 1 1 214 60 15 30 0000000010 2 3 58 60 25 30 0000000000 3 0 2672 60 15 30 0000000000
863308 6 4230 3 1440 5 0 0 177 60 15 0 0000000000 1 1 176 60 15 30 0010100000 2 2 98 30 20 30 0000000000 3 3 53 60 25 30 0000000000 4 0 2118 60 15 30 0000000000
810292 4 1083 2 0 4 0 0 180 60 15 0 0000000000 1 1 236 60 15 30 0000000010 2 3 60 60 25 30 0000000000 3 0 2693 60 15 30 0000000000
443304 2 7069 3 1440 4 0 0 189 60 15 0 0000000000 1 1 100 60 15 30 1000000100 2 3 56 60 25 30 0000000000 3 0 1597 60 15 30 0000000000
173195 0 5134 1 0 4 0 0 176 60 15 0 0000000000 1 1 218 60 15 30 0000010000 2 3 46 60 25 30 0000000000 3 0 2474 60 15 30 0000000000
951012 0 7731 3 0 4 0 0 180 60 15 0 0000000000 1 1 204 60 15 30 0000010000 2 3 49 60 25 30 0000000000 3 0 2442 60 15 30 0000000000
446796 1 3019 2 0 4 0 0 180 60 15 0 0000000000 1 1 219 60 15 30 1000000000 2 3 54 60 25 30 0000000000 3 0 2113 60 15 30 0000000000
467913 7 5774 3 1440 4 0 0 183 60 15 0 0000000000 1 1 242 60 15 30 0001000000 2 3 49 60 25 30 0000000000 3 0 2520 60 15 30 0000000000
493651 9 7270 2 0 5 0 0 184 60 15 0 0000000000 1 1 278 60 15 30 0000001000 2 2 94 30 20 30 0000000000 3 3 55 60 25 30 0000000000 4 0 3319 60 15 30 0000000000
177685 1 4230 1 0 4 0 0 177 60 15 0 0000000000 1 1 224 60 15 30 1000000000 2 3 58 60 25 30 0000000000 3 0 2128 60 15 30 0000000000
169785 9 1612 2 0 5 0 0 176 60 15 0 0000000000 1 1 278 60 15 30 0000001000 2 2 84 30 20 30 0000000000 3 3 51 60 25 30 0000000000 4 0 3339 60 15 30 0000000000
735527 2 4628 2 0 4 0 0 185 60 15 0 0000000000 1 1 124 60 15 30 1000000100 2 3 51 60 25 30 0000000000 3 0 1599 60 15 30 0000000000
109123 6 4144 1 0 5 0 0 189 60 15 0 0000000000 1 1 175 60 15 30 0010100000 2 2 100 30 20 30 0000000000 3 3 56 60 25 30 0000000000 4 0 2052 60 15 30 0000000000
930175 4 1035 2 0 4 0 0 178 60 15 0 0000000000 1 1 216 60 15 30 0000000010 2 3 50 60 25 30 0000000000 3 0 2687 60 15 30 0000000000
238367 2 3323 2 0 4 0 0 179 60 15 0 0000000000 1 1 127 60 15 30 1000000100 2 3 52 60 25 30 0000000000 3 0 1619 60 15 30 0000000000
853103 8 6488 2 0 4 0 0 179 60 15 0 0000000000 1 1 213 60 15 30 0000000011 2 3 55 60 25 30 0000000000 3 0 2598 60 15 30 0000000000
988658 4 5321 1 0 4 0 0 178 60 15 0 0000000000 1 1 233 60 15 30 0000000010 2 3 42 60 25 30 0000000000 3 0 2718 60 15 30 0000000000
651390 2 6219 1 0 4 0 0 181 60 15 0 0000000000 1 1 131 60 15 30 1000000100 2 3 52 60 25 30 0000000000 3 0 1599 60 15 30 0000000000
190407 9 1612 2 0 5 0 0 178 60 15 0 0000000000 1 1 273 60 15 30 0000001000 2 2 84 30 20 30 0000000000 3 3 50 60 25 30 0000000000 4 0 3337 60 15 30 0000000000
866032 2 8093 2 0 4 0 0 174 60 15 0 0000000000 1 1 131 60 15 30 1000000100 2 3 46 60 25 30 0000000000 3 0 1577 60 15 30 0000000000
893263 6 3314 2 1440 5 0 0 179 60 15 0 0000000000 1 1 170 60 15 30 0010100000 2 2 85 30 20 30 0000000000 3 3 49 60 25 30 0000000000 4 0 2088 60 15 30 0000000000
926806 1 5034 1 0 4 0 0 174 60 15 0 0000000000 1 1 223 60 15 30 1000000000 2 3 44 60 25 30 0000000000 3 0 2076 60 15 30 0000000000
878463 2 9370 1 0 4 0 0 179 60 15 0 0000000000 1 1 122 60 15 30 1000000100 2 3 57 60 25 30 0000000000 3 0 1612 60 15 30 0000000000
460558 6 6094 2 0 5 0 0 177 60 15 0 0000000000 1 1 164 60 15 30 0010100000 2 2 88 30 20 30 0000000000 3 3 58 60 25 30 0000000000 4 0 2079 60 15 30 0000000000
806223 2 8508 2 0 4 0 0 180 60 15 0 0000000000 1 1 110 60 15 30 1000000100 2 3 45 60 25 30 0000000000 3 0 1595 60 15 30 0000000000
531954 3 6389 1 0 5 0 0 173 60 15 0 0000000000 1 1 158 60 15 30 1100000000 2 2 93 30 20 30 0000000000 3 3 57 60 25 30 0000000000 4 0 1859 60 15 30 0000000000
456560 5 9370 1 0 4 0 0 183 60 15 0 0000000000 1 1 190 60 15 30 1000000000 2 3 48 60 25 30 0000000000 3 0 2304 60 15 30 0000000000
656218 0 8201 2 0 4 0 0 182 60 15 0 0000000000 1 1 244 60 15 30 0000010000 2 3 56 60 25 30 0000000000 3 0 2570 60 15 30 0000000000
105778 0 3314 1 0 4 0 0 185 60 15 0 0000000000 1 1 232 60 15 30 0000010000 2 3 44 60 25 30 0000000000 3 0 2469 60 15 30 0000000000
436908 1 1656 1 0 4 0 0 179 60 15 0 0000000000 1 1 222 60 15 30 1000000000 2 3 49 60 25 30 0000000000 3 0 2056 60 15 30 0000000000
636239 0 7069 1 0 4 0 0 183 60 15 0 0000000000 1 1 223 60 15 30 0000010000 2 3 51 60 25 30 0000000000 3 0 2486 60 15 30 0000000000
668484 0 3314 3 0 4 0 0 181 60 15 0 0000000000 1 1 242 60 15 30 0000010000 2 3 52 60 25 30 0000000000 3 0 2547 60 15 30 0000000000
433871 3 4230 2 0 5 0 0 181 60 15 0 0000000000 1 1 141 60 15 30 1100000000 2 2 84 30 20 30 0000000000 3 3 48 60 25 30 0000000000 4 0 1855 60 15 30 0000000000
718212 4 4230 2 0 4 0 0 174 60 15 0 0000000000 1 1 206 60 15 30 0000000010 2 3 57 60 25 30 0000000000 3 0 2671 60 15 30 0000000000
143843 7 1846 2 0 4 0 0 180 60 15 0 0000000000 1 1 200 60 15 30 0001000000 2 3 41 60 25 30 0000000000 3 0 2667 60 15 30 0000000000
272832 3 3231 2 0 5 0 0 174 60 15 0 0000000000 1 1 151 60 15 30 1100000000 2 2 88 30 20 30 0000000000 3 3 46 60 25 30 0000000000 4 0 1825 60 15 30 0000000000
354843 1 5816 3 0 4 0 0 177 60 15 0 0000000000 1 1 201 60 15 30 1000000000 2 3 53 60 25 30 0000000000 3 0 2086 60 15 30 0000000000
350921 1 4260 3 0 4 0 0 181 60 15 0 0000000000 1 1 198 60 15 30 1000000000 2 3 40 60 25 30 0000000000 3 0 2133 60 15 30 0000000000
820994 0 7908 3 0 4 0 0 177 60 15 0 0000000000 1 1 228 60 15 30 0000010000 2 3 51 60 25 30 0000000000 3 0 2485 60 15 30 0000000000
592155 1 6828 2 0 4 0 0 179 60 15 0 0000000000 1 1 219 60 15 30 1000000000 2 3 42 60 25 30 0000000000 3 0 2120 60 15 30 0000000000
501675 1 1372 3 0 4 0 0 185 60 15 0 0000000000 1 1 219 60 15 30 1000000000 2 3 56 60 25 30 0000000000 3 0 2101 60 15 30 0000000000
513417 4 7731 3 1440 4 0 0 175 60 15 0 0000000000 1 1 224 60 15 30 0000000010 2 3 44 60 25 30 0000000000 3 0 2710 60 15 30 0000000000
977458 0 6680 2 1440 4 0 0 186 60 15 0 0000000000 1 1 233 60 15 30 0000010000 2 3 52 60 25 30 0000000000 3 0 2477 60 15 30 0000000000
587793 2 2745 2 0 4 0 0 175 60 15 0 0000000000 1 1 131 60 15 30 1000000100 2 3 58 60 25 30 0000000000 3 0 1609 60 15 30 0000000000
468435 7 6389 1 0 4 0 0 179 60 15 0 0000000000 1 1 206 60 15 30 0001000000 2 3 44 60 25 30 0000000000 3 0 2523 60 15 30 0000000000
504059 4 1612 2 0 4 0 0 179 60 15 0 0000000000 1 1 222 60 15 30 0000000010 2 3 46 60 25 30 0000000000 3 0 2699 60 15 30 0000000000
993301 1 1035 1 0 4 0 0 177 60 15 0 0000000000 1 1 239 60 15 30 1000000000 2 3 56 60 25 30 0000000000 3 0 2099 60 15 30 0000000000
752729 2 9690 2 1440 4 0 0 180 60 15 0 0000000000 1 1 128 60 15 30 1000000100 2 3 48 60 25 30 0000000000 3 0 1603 60 15 30 0000000000
308943 0 8326 1 1440 4 0 0 179 60 15 0 0000000000 1 1 216 60 15 30 0000010000 2 3 50 60 25 30 0000000000 3 0 2510 60 15 30 0000000000
140180 4 7320 2 0 4 0 0 174 60 15 0 0000000000 1 1 221 60 15 30 0000000010 2 3 41 60 25 30 0000000000 3 0 2721 60 15 30 0000000000
588417 1 6488 3 0 4 0 0 183 60 15 0 0000000000 1 1 226 60 15 30 1000000000 2 3 56 60 25 30 0000000000 3 0 2077 60 15 30 0000000000
496096 8 6166 1 0 4 0 0 174 60 15 0 0000000000 1 1 201 60 15 30 0000000011 2 3 50 60 25 30 0000000000 3 0 2576 60 15 30 0000000000
173661 1 7908 1 0 4 0 0 181 60 15 0 0000000000 1 1 229 60 15 30 1000000000 2 3 50 60 25 30 0000000000 3 0 2156 60 15 30 0000000000
123155 0 3609 2 0 4 0 0 174 60 15 0 0000000000 1 1 227 60 15 30 0000010000 2 3 47 60 25 30 0000000000 3 0 2493 60 15 30 0000000000
777253 2 9690 1 0 4 0 0 183 60 15 0 0000000000 1 1 124 60 15 30 1000000100 2 3 49 60 25 30 0000000000 3 0 1602 60 15 30 0000000000
363906 5 3417 3 0 4 0 0 180 60 15 0 0000000000 1 1 205 60 15 30 1000000000 2 3 52 60 25 30 0000000000 3 0 2312 60 15 30 0000000000
12087 0 0
16478 0 1440
16360 0 1440
13230 0 0
12734 0 0
14389 0 0
16482 0 1440
18753 0 0
19826 0 1440
13100 0 1440
11515 0 0
18554 0 0
14499 0 0
13530 0 1440
16544 0 0
15510 0 0
16007 0 0
15952 0 0
13862 0 0
11454 0 0
19994 0 0
17586 0 1440
10004 0 1440
19879 0 0
14978 0 1440
11309 0 0
16564 0 0
11918 0 1440
11113 0 0
16370 0 0
13389 0 0
14109 0 0
15458 0 0
19906 0 0
11391 0 0
19098 0 1440
16034 0 0
12729 0 0
19927 0 0
15437 0 0
14199 0 0
10121 0 1440
14315 0 0
10118 0 0
10799 0 0
19954 0 0
14290 0 1440
10982 0 0
16626 0 1440
17740 0 0
15767 0 0
13765 0 0
15648 0 1440
19650 0 0
16898 0 0
14605 0 0
14756 0 1440
15966 0 0
13921 0 0
11280 0 0
19071 0 0
13438 0 0
14716 0 0
12832 0 0
18937 0 0
19648 0 0
15575 0 0
12609 0 0
14679 0 0
18928 0 0
13388 0 0
13829 0 0
14105 0 0
14289 0 1440
19322 0 0
12322 0 0
14217 0 1440
17875 0 0
11247 0 0
17893 0 0
12164 0 0
18469 0 1440
18094 0 1440
14905 0 0
18827 0 0
14404 0 0
17040 0 0
10372 0 1440
43756 1 011101101111 21 0 900 1440 2340 2880 3780 4320 5220 5760 6660 10080 10980 11520 12420 12960 13860 14400 15300 15840 16740 20160
40182 1 011111111111 21 0 900 1440 2340 2880 3780 4320 5220 5760 6660 10080 10980 11520 12420 12960 13860 14400 15300 15840 16740 20160
20602 1 111111110111 21 0 900 1440 2340 2880 3780 4320 5220 5760 6660 10080 10980 11520 12420 12960 13860 14400 15300 15840 16740 20160
29883 1 111001101011 21 0 900 1440 2340 2880 3780 4320 5220 5760 6660 10080 10980 11520 12420 12960 13860 14400 15300 15840 16740 20160
34320 1 101111111101 21 0 900 1440 2340 2880 3780 4320 5220 5760 6660 10080 10980 11520 12420 12960 13860 14400 15300 15840 16740 20160
36221 1 111111010111 25 0 900 1440 2340 2880 3780 4320 5220 5760 6660 7300 7900 10080 10980 11520 12420 12960 13860 14400 15300 15840 16740 17380 17980 20160
22475 1 011011111101 23 0 900 1440 2340 2880 3780 4320 5220 5760 6660 10080 10980 11520 12420 12960 13860 14400 15300 15840 16740 17380 17980 20160
46870 1 110111111111 21 0 900 1440 2340 2880 3780 4320 5220 5760 6660 10080 10980 11520 12420 12960 13860 14400 15300 15840 16740 20160
22465 1 111101111111 21 0 900 1440 2340 2880 3780 4320 5220 5760 6660 10080 10980 11520 12420 12960 13860 14400 15300 15840 16740 20160
55447 2 1 0
54352 2 1 0
66325 2 1 0
50449 2 1 0
82368 3 1 0
78541 3 1 0
99081 3 1 0
80933 3 1 0
76169 3 1 0
89267 3 1 0
73752 3 1 0
99120 3 1 0
94871 3 1 0
84149 3 1 0
